<div>                        <script type="text/javascript">window.PlotlyConfig = {MathJaxConfig: 'local'};</script>
        <script src="https://cdn.plot.ly/plotly-2.16.1.min.js"></script>                <div id="0b70bd6f-76b8-4762-98a6-d12a0e16eca1" class="plotly-graph-div" style="height:800px; width:800px;"></div>            <script type="text/javascript">                                    window.PLOTLYENV=window.PLOTLYENV || {};                                    if (document.getElementById("0b70bd6f-76b8-4762-98a6-d12a0e16eca1")) {                    Plotly.newPlot(                        "0b70bd6f-76b8-4762-98a6-d12a0e16eca1",                        [{"coloraxis":"coloraxis","name":"0","x":["0_recycling_textilien_verpa...","1_holz_holzinitiative_nachh...","2_kreislaufwirtschaft_nachh...","3_kreislaufwirtschaft_nachs...","4_konsumentinnen_produkte_p...","5_tonnen_jahr_pro","6_kreislaufwirtschaft_econo...","7_mobilitatsmasterplan_mogl...","8_elektro_batterien_elektro...","9_digitalisierung_digitale_...","10_startups_finanzierung_gr...","11_normen_standards_regeln","12_kreislaufwirtschaft_ftis..."],"y":["0_recycling_textilien_verpa...","1_holz_holzinitiative_nachh...","2_kreislaufwirtschaft_nachh...","3_kreislaufwirtschaft_nachs...","4_konsumentinnen_produkte_p...","5_tonnen_jahr_pro","6_kreislaufwirtschaft_econo...","7_mobilitatsmasterplan_mogl...","8_elektro_batterien_elektro...","9_digitalisierung_digitale_...","10_startups_finanzierung_gr...","11_normen_standards_regeln","12_kreislaufwirtschaft_ftis..."],"z":[[0.9999999999999999,0.7500370005967463,0.7639935833814099,0.7143608579330355,0.7855839880619296,0.8248562350510478,0.6991867046379197,0.7652175228950144,0.6162415681225365,0.6015750074714432,0.6815001808507988,0.6826954561732981,0.7235037672557596],[0.7500370005967463,1.0000000000000004,0.9092962844401087,0.8711447099589998,0.8402442725397138,0.8711804527078604,0.8216804410296468,0.8908831627643151,0.6250084659039115,0.6251643838942248,0.8288901785992754,0.8099791728275529,0.8850108423134833],[0.7639935833814099,0.9092962844401087,0.9999999999999993,0.884290303307181,0.8816645202488007,0.8647793535571996,0.8211369224523407,0.8868524375253577,0.6656800271003978,0.6852380935853737,0.8262106221172072,0.8458638978391154,0.9026697939232847],[0.7143608579330355,0.8711447099589998,0.884290303307181,1.0000000000000004,0.8561788231249309,0.8396298372703117,0.8294217825290449,0.8601842795098228,0.6249708859424494,0.6819365080537081,0.8397601160074752,0.7993784827968339,0.9120006683262942],[0.7855839880619296,0.8402442725397138,0.8816645202488007,0.8561788231249309,0.999999999999999,0.8760847096739178,0.7864902728671491,0.8297192968384158,0.6825952142037256,0.6898085723870904,0.7796386983378146,0.8180484160640028,0.8634065516453997],[0.8248562350510478,0.8711804527078604,0.8647793535571996,0.8396298372703117,0.8760847096739178,0.9999999999999997,0.7952738949320995,0.870004222950109,0.7116780263957947,0.7241043749191157,0.7964706946975791,0.8280633324860538,0.8582075235095303],[0.6991867046379197,0.8216804410296468,0.8211369224523407,0.8294217825290449,0.7864902728671491,0.7952738949320995,1.0000000000000004,0.8239283464068623,0.6099311905295587,0.721679956689077,0.7884999199881636,0.7434654420962896,0.9246965638776242],[0.7652175228950144,0.8908831627643151,0.8868524375253577,0.8601842795098228,0.8297192968384158,0.870004222950109,0.8239283464068623,1.0,0.7118815922309005,0.7010233153104211,0.7737763380117306,0.8260754382481699,0.8935670264892657],[0.6162415681225365,0.6250084659039115,0.6656800271003978,0.6249708859424494,0.6825952142037256,0.7116780263957947,0.6099311905295587,0.7118815922309005,1.0,0.7057853937225458,0.5848243119435053,0.6185537009752179,0.6508916847991818],[0.6015750074714432,0.6251643838942248,0.6852380935853737,0.6819365080537081,0.6898085723870904,0.7241043749191157,0.721679956689077,0.7010233153104211,0.7057853937225458,0.9999999999999997,0.6358070691813492,0.6156934540784765,0.7156954912721313],[0.6815001808507988,0.8288901785992754,0.8262106221172072,0.8397601160074752,0.7796386983378146,0.7964706946975791,0.7884999199881636,0.7737763380117306,0.5848243119435053,0.6358070691813492,0.9999999999999999,0.7155653518794104,0.8260923252681127],[0.6826954561732981,0.8099791728275529,0.8458638978391154,0.7993784827968339,0.8180484160640028,0.8280633324860538,0.7434654420962896,0.8260754382481699,0.6185537009752179,0.6156934540784765,0.7155653518794104,1.0000000000000004,0.8547428761991027],[0.7235037672557596,0.8850108423134833,0.9026697939232847,0.9120006683262942,0.8634065516453997,0.8582075235095303,0.9246965638776242,0.8935670264892657,0.6508916847991818,0.7156954912721313,0.8260923252681127,0.8547428761991027,1.0000000000000009]],"type":"heatmap","xaxis":"x","yaxis":"y","hovertemplate":"x: %{x}<br>y: %{y}<br>Similarity Score: %{z}<extra></extra>"}],                        {"template":{"data":{"histogram2dcontour":[{"type":"histogram2dcontour","colorbar":{"outlinewidth":0,"ticks":""},"colorscale":[[0.0,"#0d0887"],[0.1111111111111111,"#46039f"],[0.2222222222222222,"#7201a8"],[0.3333333333333333,"#9c179e"],[0.4444444444444444,"#bd3786"],[0.5555555555555556,"#d8576b"],[0.6666666666666666,"#ed7953"],[0.7777777777777778,"#fb9f3a"],[0.8888888888888888,"#fdca26"],[1.0,"#f0f921"]]}],"choropleth":[{"type":"choropleth","colorbar":{"outlinewidth":0,"ticks":""}}],"histogram2d":[{"type":"histogram2d","colorbar":{"outlinewidth":0,"ticks":""},"colorscale":[[0.0,"#0d0887"],[0.1111111111111111,"#46039f"],[0.2222222222222222,"#7201a8"],[0.3333333333333333,"#9c179e"],[0.4444444444444444,"#bd3786"],[0.5555555555555556,"#d8576b"],[0.6666666666666666,"#ed7953"],[0.7777777777777778,"#fb9f3a"],[0.8888888888888888,"#fdca26"],[1.0,"#f0f921"]]}],"heatmap":[{"type":"heatmap","colorbar":{"outlinewidth":0,"ticks":""},"colorscale":[[0.0,"#0d0887"],[0.1111111111111111,"#46039f"],[0.2222222222222222,"#7201a8"],[0.3333333333333333,"#9c179e"],[0.4444444444444444,"#bd3786"],[0.5555555555555556,"#d8576b"],[0.6666666666666666,"#ed7953"],[0.7777777777777778,"#fb9f3a"],[0.8888888888888888,"#fdca26"],[1.0,"#f0f921"]]}],"heatmapgl":[{"type":"heatmapgl","colorbar":{"outlinewidth":0,"ticks":""},"colorscale":[[0.0,"#0d0887"],[0.1111111111111111,"#46039f"],[0.2222222222222222,"#7201a8"],[0.3333333333333333,"#9c179e"],[0.4444444444444444,"#bd3786"],[0.5555555555555556,"#d8576b"],[0.6666666666666666,"#ed7953"],[0.7777777777777778,"#fb9f3a"],[0.8888888888888888,"#fdca26"],[1.0,"#f0f921"]]}],"contourcarpet":[{"type":"contourcarpet","colorbar":{"outlinewidth":0,"ticks":""}}],"contour":[{"type":"contour","colorbar":{"outlinewidth":0,"ticks":""},"colorscale":[[0.0,"#0d0887"],[0.1111111111111111,"#46039f"],[0.2222222222222222,"#7201a8"],[0.3333333333333333,"#9c179e"],[0.4444444444444444,"#bd3786"],[0.5555555555555556,"#d8576b"],[0.6666666666666666,"#ed7953"],[0.7777777777777778,"#fb9f3a"],[0.8888888888888888,"#fdca26"],[1.0,"#f0f921"]]}],"surface":[{"type":"surface","colorbar":{"outlinewidth":0,"ticks":""},"colorscale":[[0.0,"#0d0887"],[0.1111111111111111,"#46039f"],[0.2222222222222222,"#7201a8"],[0.3333333333333333,"#9c179e"],[0.4444444444444444,"#bd3786"],[0.5555555555555556,"#d8576b"],[0.6666666666666666,"#ed7953"],[0.7777777777777778,"#fb9f3a"],[0.8888888888888888,"#fdca26"],[1.0,"#f0f921"]]}],"mesh3d":[{"type":"mesh3d","colorbar":{"outlinewidth":0,"ticks":""}}],"scatter":[{"fillpattern":{"fillmode":"overlay","size":10,"solidity":0.2},"type":"scatter"}],"parcoords":[{"type":"parcoords","line":{"colorbar":{"outlinewidth":0,"ticks":""}}}],"scatterpolargl":[{"type":"scatterpolargl","marker":{"colorbar":{"outlinewidth":0,"ticks":""}}}],"bar":[{"error_x":{"color":"#2a3f5f"},"error_y":{"color":"#2a3f5f"},"marker":{"line":{"color":"#E5ECF6","width":0.5},"pattern":{"fillmode":"overlay","size":10,"solidity":0.2}},"type":"bar"}],"scattergeo":[{"type":"scattergeo","marker":{"colorbar":{"outlinewidth":0,"ticks":""}}}],"scatterpolar":[{"type":"scatterpolar","marker":{"colorbar":{"outlinewidth":0,"ticks":""}}}],"histogram":[{"marker":{"pattern":{"fillmode":"overlay","size":10,"solidity":0.2}},"type":"histogram"}],"scattergl":[{"type":"scattergl","marker":{"colorbar":{"outlinewidth":0,"ticks":""}}}],"scatter3d":[{"type":"scatter3d","line":{"colorbar":{"outlinewidth":0,"ticks":""}},"marker":{"colorbar":{"outlinewidth":0,"ticks":""}}}],"scattermapbox":[{"type":"scattermapbox","marker":{"colorbar":{"outlinewidth":0,"ticks":""}}}],"scatterternary":[{"type":"scatterternary","marker":{"colorbar":{"outlinewidth":0,"ticks":""}}}],"scattercarpet":[{"type":"scattercarpet","marker":{"colorbar":{"outlinewidth":0,"ticks":""}}}],"carpet":[{"aaxis":{"endlinecolor":"#2a3f5f","gridcolor":"white","linecolor":"white","minorgridcolor":"white","startlinecolor":"#2a3f5f"},"baxis":{"endlinecolor":"#2a3f5f","gridcolor":"white","linecolor":"white","minorgridcolor":"white","startlinecolor":"#2a3f5f"},"type":"carpet"}],"table":[{"cells":{"fill":{"color":"#EBF0F8"},"line":{"color":"white"}},"header":{"fill":{"color":"#C8D4E3"},"line":{"color":"white"}},"type":"table"}],"barpolar":[{"marker":{"line":{"color":"#E5ECF6","width":0.5},"pattern":{"fillmode":"overlay","size":10,"solidity":0.2}},"type":"barpolar"}],"pie":[{"automargin":true,"type":"pie"}]},"layout":{"autotypenumbers":"strict","colorway":["#636efa","#EF553B","#00cc96","#ab63fa","#FFA15A","#19d3f3","#FF6692","#B6E880","#FF97FF","#FECB52"],"font":{"color":"#2a3f5f"},"hovermode":"closest","hoverlabel":{"align":"left"},"paper_bgcolor":"white","plot_bgcolor":"#E5ECF6","polar":{"bgcolor":"#E5ECF6","angularaxis":{"gridcolor":"white","linecolor":"white","ticks":""},"radialaxis":{"gridcolor":"white","linecolor":"white","ticks":""}},"ternary":{"bgcolor":"#E5ECF6","aaxis":{"gridcolor":"white","linecolor":"white","ticks":""},"baxis":{"gridcolor":"white","linecolor":"white","ticks":""},"caxis":{"gridcolor":"white","linecolor":"white","ticks":""}},"coloraxis":{"colorbar":{"outlinewidth":0,"ticks":""}},"colorscale":{"sequential":[[0.0,"#0d0887"],[0.1111111111111111,"#46039f"],[0.2222222222222222,"#7201a8"],[0.3333333333333333,"#9c179e"],[0.4444444444444444,"#bd3786"],[0.5555555555555556,"#d8576b"],[0.6666666666666666,"#ed7953"],[0.7777777777777778,"#fb9f3a"],[0.8888888888888888,"#fdca26"],[1.0,"#f0f921"]],"sequentialminus":[[0.0,"#0d0887"],[0.1111111111111111,"#46039f"],[0.2222222222222222,"#7201a8"],[0.3333333333333333,"#9c179e"],[0.4444444444444444,"#bd3786"],[0.5555555555555556,"#d8576b"],[0.6666666666666666,"#ed7953"],[0.7777777777777778,"#fb9f3a"],[0.8888888888888888,"#fdca26"],[1.0,"#f0f921"]],"diverging":[[0,"#8e0152"],[0.1,"#c51b7d"],[0.2,"#de77ae"],[0.3,"#f1b6da"],[0.4,"#fde0ef"],[0.5,"#f7f7f7"],[0.6,"#e6f5d0"],[0.7,"#b8e186"],[0.8,"#7fbc41"],[0.9,"#4d9221"],[1,"#276419"]]},"xaxis":{"gridcolor":"white","linecolor":"white","ticks":"","title":{"standoff":15},"zerolinecolor":"white","automargin":true,"zerolinewidth":2},"yaxis":{"gridcolor":"white","linecolor":"white","ticks":"","title":{"standoff":15},"zerolinecolor":"white","automargin":true,"zerolinewidth":2},"scene":{"xaxis":{"backgroundcolor":"#E5ECF6","gridcolor":"white","linecolor":"white","showbackground":true,"ticks":"","zerolinecolor":"white","gridwidth":2},"yaxis":{"backgroundcolor":"#E5ECF6","gridcolor":"white","linecolor":"white","showbackground":true,"ticks":"","zerolinecolor":"white","gridwidth":2},"zaxis":{"backgroundcolor":"#E5ECF6","gridcolor":"white","linecolor":"white","showbackground":true,"ticks":"","zerolinecolor":"white","gridwidth":2}},"shapedefaults":{"line":{"color":"#2a3f5f"}},"annotationdefaults":{"arrowcolor":"#2a3f5f","arrowhead":0,"arrowwidth":1},"geo":{"bgcolor":"white","landcolor":"#E5ECF6","subunitcolor":"white","showland":true,"showlakes":true,"lakecolor":"white"},"title":{"x":0.05},"mapbox":{"style":"light"}}},"xaxis":{"anchor":"y","domain":[0.0,1.0],"scaleanchor":"y","constrain":"domain"},"yaxis":{"anchor":"x","domain":[0.0,1.0],"autorange":"reversed","constrain":"domain"},"coloraxis":{"colorbar":{"title":{"text":"Similarity Score"}},"colorscale":[[0.0,"rgb(247,252,240)"],[0.125,"rgb(224,243,219)"],[0.25,"rgb(204,235,197)"],[0.375,"rgb(168,221,181)"],[0.5,"rgb(123,204,196)"],[0.625,"rgb(78,179,211)"],[0.75,"rgb(43,140,190)"],[0.875,"rgb(8,104,172)"],[1.0,"rgb(8,64,129)"]]},"margin":{"t":60},"title":{"text":"at_timber__n_neighbors = 20 min_dist = 0.1 min_cluster = 10 min_sample = 2"},"hoverlabel":{"font":{"size":16,"family":"Rockwell"},"bgcolor":"white"},"width":800,"height":800,"showlegend":true,"legend":{"title":{"text":"Trend"}}},                        {"responsive": true}                    )                };                            </script>        </div><div>                        <script type="text/javascript">window.PlotlyConfig = {MathJaxConfig: 'local'};</script>
        <script src="https://cdn.plot.ly/plotly-2.16.1.min.js"></script>                <div id="5eb44ed7-6d73-4526-9a8f-aeaa1dcdd679" class="plotly-graph-div" style="height:750px; width:1200px;"></div>            <script type="text/javascript">                                    window.PLOTLYENV=window.PLOTLYENV || {};                                    if (document.getElementById("5eb44ed7-6d73-4526-9a8f-aeaa1dcdd679")) {                    Plotly.newPlot(                        "5eb44ed7-6d73-4526-9a8f-aeaa1dcdd679",                        [{"hoverinfo":"text","hovertext":["produktlebensdauern verlangern  intensivierung des osterreichischen engagements auf euebene um mindestlebensdauern festzulegen die reparierbarkeit und ersatzteilverfugbarkeit fur  elektro und elektronikgerate zu verbessern einen reparaturindex zu etablieren  softwareupdates von geraten langer verfugbar zu machen und um gewahrleistungsfristen zu verlangern"," forcierung einer okologischen regionalen kompostwirtschaft"," wiederverwendung reparatur und wartung steigern und produktdienstleistungsgeschaftsmodelle ausbauen"," biogene produkte im sinne einer effizienten und langfristigen kohlenstoffspeicherung forcieren eine nachhaltige resiliente und an den klimawandel angepasste  waldbewirtschaftung kann dabei langfristig die notwendigen rohstoffe zur  verfugung stellen nachwachsende und bisher ungenutzte rohstoffe durch neue nutzungspfade  dienstleistungen sowie innovative logistiksysteme erschlie\u00dfen","kommr mag herbert j\u00f6bstl   obmann des fachverbands  der holzindustrie im sinne der bio\u00f6konomie gibt es immer mehr holzbasierte alternativen f\u00fcr klimasch\u00e4dliche produkte wir erwarten uns eine forcierung der forschung sowie eine gesicherte  versorgung mit nachhaltigem holz","entlang gemeinsamer ftiziele werden ma\u00dfnahmen umgesetzt die in unterschiedlichen  nationalen forderinitiativen verankert sind und weitgehend uber die osterreichische  forschungsforderungsgesellschaft ffg abgewickelt werden dies betrifft neben den  klassischen technologiethemen auch weiterbildungsma\u00dfnahmen sowie schnittstellen  zur umsetzung wie die innovationsfordernde offentliche beschaffung siehe seite    oder die unterstutzung der vermarktung innovativer osterreichischer produkte im ausland","maga ulrike szigeti   fh salzburg  kuchl   vizerektorin die holzinitiative greift wesentliche und zukunftstr\u00e4chtige entwicklungen auf die insbesondere f\u00fcr holz und holzprodukte gute optionen bieten besonders die bio\u00f6konomie  und die kreislaufwirtschaft sowie die ressourceneffizienz und das recycling  sind von  besonderer bedeutung f\u00fcr eine nachhaltigere wirtschaft","  rechberger h brunner ph  a new entropy based method to support waste and  resource management decisions  abbildung  euuberwachungsrahmen fur die  kreislaufwirtschaft die osterreichische kreislaufwirtschaftsstrategie die transformation  gestalten um die kreislaufwirtschaft in osterreich zu realisieren gilt es gute rahmenbedingungen  fur eine umfassende und beschleunigte transformation von wirtschaft und gesellschaft  zu schaffen derzeit existieren noch eine vielzahl an hindernissen die dazu fuhren  dass nachhaltige zirkulare produkte und dienstleistungen die ausnahme und nicht die  norm sind einige davon konnen durch geeignete ma\u00dfnahmen und instrumente in zusammenarbeit von bund landern gemeinden sozialpartnern sowie zivilgesellschaft  und wissenschaft adressiert und beseitigt werden","optionen fur kaskadische nutzung forcieren  bestehende und zukunftige biogasanlagen in den biomassewertschopfungskreislauf integrieren  auch stofflich verwertung von reststoffen aus diesen anlagen  einschlie\u00dflich der vergarung hierfur geeigneter biogener abfalle oder karbonisierung als vorbehandlung vor der kompostierung oder sonstiger nutzungen"," bmnt  bundesabfallwirtschaftsplan  kapitel  erganzend zur verwertung von  bodenaushubmaterial zur bodenrekultivierung wird auf die richtlinie fur bodenrekultivierung des fachbeirats fur bodenfruchtbarkeit und bodenschutz  bfwacatpdfrekultivierungsrichtlinienauflagepdf  verwiesen die osterreichische kreislaufwirtschaftsstrategie mobilitat fragen der klima und umweltfreundlichen mobilitat sind eng mit aspekten der kreislaufwirtschaft verknupft nachhaltige batterien und emissionsfreie fahrzeuge bilden die  grundlage fur die mobilitat der zukunft  der mobilitatsmasterplan  fur osterreich   umschreibt die notwendige mobilitatswende fur das zukunftige mobilitatssystem   fur die die kreislaufwirtschaft eine bedeutende rolle spielt eines der ziele im osterreichischen mobilitatsmasterplan  ist verkehr zu vermeiden bzw auf umweltfreundliche verkehrsmittel zb fahrrad bus bahn zu verlagern um ressourcen zu schonen"," bmk  biodiversitatsdialog  offentliche konsultation","nur durch eine nachhaltige resilienzsteigernde und an den klimawandel angepasste waldbewirtschaftung in weiterer folge nachhaltige waldbewirtschaftung genannt k\u00f6nnen neben der nutz und schutzfunktion weitere gesellschaftlich wichtige waldfunktionen wie schutz der biodiversit\u00e4t optimierung der kohlenstoffsenkenfunktion oder die erholungsfunktion sichergestellt werden in diesem paket sind zehn unterschiedliche ma\u00dfnahmenbereiche vorgesehen die den kernbereich der forstwirtschaft die gesamte wertsch\u00f6pfungskette forstholzpapier sowie die bed\u00fcrfnisse der gesellschaft inkludieren ein wesentliches ziel des waldfonds ist es die verwendung des nachhaltig produzierten rohstoffs holz im sinne der bio\u00f6konomie und des klimaschutzes zu forcieren","zudem soll die wichtige offentliche governance des transformationsprozesses mit  einer netzwerkgovernance kombiniert werden dabei werden die vielen gesellschaftlichen akteurinnen die in der kreislaufwirtschaft aktiv sind vernetzt um so die krafte  zu bundeln dazu sollen die unterschiedlichen interessen und prioritaten berucksichtigt  und die konsensfindung in entsprechenden prozessen ermoglicht werden   siehe  dazu auch zusammenarbeit fordern seite   als zentrales werkzeug fur die governance soll ein geeignetes monitoringsystem  entwickelt und implementiert werden dieses umfasst  festlegung des evaluierungs und monitoringprozesses ablauf beteiligte zeitrahmen ressourcen und dessen einbettung in einen geeigneten steuerungskreislauf fur die umsetzung der kreislaufwirtschaftsstrategie"," datengrundlage schaffen wie viel biomasse wofur verfugbar ist die auch das  aufzeigen von zielkonflikten ermoglicht","nachfolgend sind die sektor und branchenubergreifenden zentralen interventionsbereiche der osterreichischen kreislaufwirtschaftsstrategie dargestellt  rechtliche und regulatorische rahmenbedingungen  kluge marktanreize  finanzierung und forderung  forschung technologieentwicklung und innovation fti  digitalisierung   information wissen und zusammenarbeit damit sollen in breiter zusammenarbeit mit den zahlreichen akteurinnen moglichst  attraktive rahmenbedingungen fur die kreislaufwirtschaft geschaffen werden die  nachsten schritte bei den einzelnen themen definieren konkrete kurzfristige aktivitaten um in den interventionsbereichen voranzukommen rechtliche und regulatorische rahmenbedingungen die gestaltung der rechtlichen und regulatorischen rahmenbedingungen ist von zentraler bedeutung fur die stimulierung der kreislaufwirtschaft  daher gilt es einerseits  bestehende regulatorische hindernisse zu identifizieren und wo moglich und sinnvoll  zu beseitigen oder zumindest zu reduzieren","transparente kostenstrukturen sind wichtige voraussetzung fur den erfolg und eine  hohe akzeptanz von neuen zirkularen leasing und mietmodellen"," einrichtung eines lehrgangs green chemistry durch die universitat wien die  technische universitat wien und die universitat fur bodenkultur wien zur befahigung fur fe zu nachhaltigen produkten energie und technologien durch bio chemische prozesse im sinne der kreislaufwirtschaft","der transformationsprozess wird durch weitere initiativen wie das abfallvermeidungsprogramm  den masterplan rohstoffe  die biookonomiestrategie die initiative lebensmittel sind kostbar die klarschlammstrategie die bodenschutzstrategie   umweltbundesamt  ergebnisdokumentation der themenworkshops zur erarbeitung  der osterreichischen kreislaufwirtschaftsstrategie","gema\u00df regierungsprogramm  soll die flacheninanspruchnahme so gering  wie moglich gehalten werden und der jahrliche zuwachs bis  auf  ha pro tag  bzw  km   pro jahr sinken  dieser zielwert wurde auch in das umsetzungspaket fur  die erste osterreichische bodenschutzstrategie aufgenommen   die ressourcenproduktivitat bezieht den ressourcenverbrauch auf die damit  erzielte wertschopfung bipdmc zwischen  und  konnte das wirtschaftswachstum vom ressourcenverbrauch entkoppelt werden die osterreichische  ressourcenproduktivitat hat von  auf  euro pro tonne zugenommen da die  wirtschaftsleistung um    und die ressourcenproduktivitat um    gestiegen ist der  ressourcenverbrauch aber nahezu unverandert blieb"," zuletzt bmk  ressourcennutzung in osterreich ","bei der kreislauforientierten nutzung von biomasse gilt es neben den energetischen  und materiellen aspekten auch schutzziele betreffend biodiversitat bodenmanagement  bekampfung des klimawandels abwehr von naturgefahren und weiterer etwaiger bedurfnisse zu berucksichtigen die biomassenutzung hat eine wesentliche bedeutung fur  wertschopfung arbeitsplatze und versorgungssicherheit im landlichen raum","abbildung  der osterreichische materialverbrauch   dmc gesamt nach  materialkategorien und im  europaischen vergleich abbildung  inlandische  ressourcenproduktivitat    instrumente und ma\u00dfnahmen aufgabe von politik und verwaltung ist es durch geeignete instrumente und ma\u00dfnahmen  die umsetzung der kreislaufwirtschaft voranzubringen die geplanten interventionen  sollen die rahmenbedingungen schaffen um  zirkulares nachhaltiges design als neues gestaltungs und entwicklungskonzept  circular by design zu etablieren und zu verbreiten  zirkulare innovationen zu ermoglichen sowohl technisch als auch sozial und  systemisch  neue zirkulare geschafts und organisationsmodelle zu initiieren und zu starkenabbildung  zirkularitatsrate  circular material use rate  cmu im europavergleich  angaben in prozent abbildung  aufkommen  von siedlungsabfallen   im europavergleich in kilogramm pro kopf und jahr die osterreichische kreislaufwirtschaftsstrategie die nutzungsdauer und intensitat von produkten komponenten und infrastruktur  zu erhohen und wieder und weiterverwendung auf moglichst hohem niveau in  der wertschopfungskette sicherzustellen  den markt so zu verandern dass zirkulare produkte und dienstleistungen  betriebswirtschaftlich wettbewerbsfahig und fur konsumentinnen nicht teurer als  konventionelle sind  material und energieeffiziente schad und storstofffreie herstellungsprozesse  und produktionssysteme zu fordern  materialkreislaufe zu schlie\u00dfen und den einsatz von sekundarrohstoffen zu  erhohen   eine weitgehende umstellung auf nachwachsende rohstoffe zu ermoglichen um  kohlenstoffbasierte produkte klimaneutral zu erzeugen bzw fur die dekarbonisierung der energieintensiven industrie mittelfristig die moglichkeiten der carbon  capture and utilization ccu zu nutzen  instrumente und ma\u00dfnahmen aufgabe von politik und verwaltung ist es durch geeignete instrumente und ma\u00dfnahmen  die umsetzung der kreislaufwirtschaft voranzubringen die geplanten interventionen  sollen die rahmenbedingungen schaffen um  zirkulares nachhaltiges design als neues gestaltungs und entwicklungskonzept  circular by design zu etablieren und zu verbreiten  zirkulare innovationen zu ermoglichen sowohl technisch als auch sozial und  systemisch  neue zirkulare geschafts und organisationsmodelle zu initiieren und zu starkenabbildung  zirkularitatsrate  circular material use rate  cmu im europavergleich  angaben in prozentabbildung  aufkommen  von siedlungsabfallen   im europavergleich in kilogramm pro kopf und jahr dazu wurden fur die osterreichische kreislaufwirtschaftsstrategie sechs zentrale ansatze  entwickelt die im kapitel  die transformation gestalten ab seite  dargestellt sind  rechtliche und regulatorische rahmenbedingungen  kluge marktanreize  finanzierung und forderung  forschung technologieentwicklung und innovation fti  digitalisierung   information wissen und zusammenarbeit basierend auf den vorgaben des euaktionsplans zur kreislaufwirtschaft wurden zudem  sieben transformationsschwerpunkte festgelegt fur die spezifische ziele ma\u00dfnahmen  und instrumente entwickelt wurden siehe seite  sie nehmen auf die aktuelle  situation und die spezifischen anforderungen im jeweiligen schwerpunktbereich bezug","logistik der roh und reststoffversorgung optimieren  sammlung und sortierung von biogenen reststoffen optimieren einschlie\u00dflich  optimierter logistikkonzepte fur land und forstwirtschaftliche reststoffe und verpflichtende getrennte sammlung von biogenen abfallen auch im dicht verbauten  gebiet"," verstarkte integration der kreislaufwirtschaft in die abfallwirtschaftsplane der  lander und gemeinden","die nachsten schritte  zentraler indikator fur die kreislaufwirtschaft ist der konsumbasierte material fu\u00dfabdruck mf die fur seine ermittlung notwendige methodik und vor allem die  internationale datenbasis sollen daher prioritar weiterentwickelt werden"," schaffung eines marktplatzes fur wiederverwendbare bauteile sowie fruhzeitige  informationsbereitstellung zu verfugbaren bauteilen"," nachhaltige und zirkulare geschaftsmodelle wie miete leasing reparaturen  wiederverkauf oder takebackprogramme bei modeketten stimulieren"," verankerung von kreislaufwirtschaftsthemen in bestehenden themenspezifischen  ftiinitiativen etwa zu produktionstechnologien digitalen technologien mobilitats und weltraumtechnologien oder der klimaneutralen stadt","der digitale produktpass dessen einfuhrung von der europaischen kommission  forciert wird soll umfassend und einfach nutzbar uber rohstoffgewinnung inhaltsstoffe  materialien und komponenten den okologischen fu\u00dfabdruck und die sozialen auswirkungen des produkts informieren","voraussetzung dafur ist eine umfassende zirkulare produktgestaltung die  auf langlebigkeit nachwachsende rohstoffe weitestgehende schadstofffreiheit  reparierbarkeit und aufrustbarkeit ausgerichtet ist neue dienstleistungsorientierte  geschaftsmodelle erhohen die nutzungsintensitat ebenso wie reparatur upgrading  und weiternutzung"," aufbau von infrastruktur zur lagerung von biogenen reststoffen zur besseren  und sortenreinen verwertung sowie zur sicherung der biogenen energierohstoffe  winterbiomasselagerung"," verstarkte kontrollen beim export von altfahrzeugen und deren sachgema\u00dfer  nutzung bzw behandlung im ausland"," wiederbelebung einer reparaturkultur in osterreich stimulieren","neue wohnformen arbeitsmodelle konsummuster soziale anerkennungsmuster modelle  der pflege fursorge nachbarschaftshilfe versorgung mit gutern des taglichen bedarfs","wiederverwendung recycling und verwertung starken   schaffung eines praxisorientierten rechtsrahmens fur reuse von bauteilen insbesondere im zuge der revision der eubauprodukteverordnung vor allem  bezuglich cekennzeichnung vorausgesetzt dass grundlegende anforderungen  an bauwerke fur nachhaltige nutzung der naturlichen ressourcen auf euebene  festgelegt werden haftungsrecht","unter dem motto mit holz eine nachhaltige zukunft bauen wird darauf geachtet dass die einzelnen ma\u00dfnahmen der holzinitiative auch einen beitrag zur \u00f6kologischen  innovativen und gesellschaftlichen entwicklung leisten","der amsfokus liegt aber nicht auf der stabilisierung der zirkularen geschaftsfelder  der sob sodass forderungen und transitplatze oftmals kurzfristig gekurzt werden das  wiederum erschwert stabile und langfristige kooperationen der sob mit kommunen und  privatunternehmen die osterreichische kreislaufwirtschaftsstrategiedie nachsten schritte  analyse der aktuellen finanzierungssituation sozialwirtschaftlicher betriebe und  des forderbedarfs","die oecd hat in ihrer reviewstudie  und in ihrer quantifizierungsstudie  ebenfalls eine positive beschaftigungswirkung durch ressourceneffizienz und einen umstieg  auf eine zirkulare wirtschaft fur die oecdlander prognostiziert allerdings konne sich  diese nur vollumfanglich entfalten wenn eine global koordinierte herangehensweise   umweltbundesamt  synergien zwischen nachhaltiger ressourcennutzung  klimaschutz"," implementierung von anreizsystemen zur anwendung der nabekriterien im  hoch und tiefbau bei beschaffungsaktivitaten durch nichtoffentliche einrichtungen unternehmen und privatpersonen sowie berucksichtigung bei der vergabe   bmk  der nabeaktionsplanvon wohnbauforderungen durch die offentliche hand sowie bei forderungen im  bereich siedlungswasserbau und bei gewerbeansiedelungen","datengrundlage bezuglich verfugbarkeit von biomasse schaffen  verfugbarkeit von biogenen reststoffen erforschen und erheben sowie datenlage  auf regionale ebene heruntergebrochen verbessern","okodesign dematerialisierung verlangerung der lebensdauer einsatz erneuerbarer rohstoffe und energie sowie wiederverwendung und verwertung sollen daher  kunftig zu zentralen leitprinzipien der technologieentwicklung werden zudem ist auf  hohe datenschutz und sicherheitsanforderungen schutz vor cyberangriffen datenschutzgrundverordnung zu achten"," vernetzte dezentrale bioraffinerien ausbauen mit lokaler nutzung von reststoffen  koppeln und deren produkte weiterverarbeiten intelligente logistik nicht anderwertig nutzbare reststoffe durch karbonisierung zur fixierung von kohlenstoff  verwenden beispiel biochemische aufbereitung von biomasse zur bereitstellung  von plattformchemikalien und energie","fur osterreich wurde in einer pilotstudie   gezeigt dass ma\u00dfnahmen zur eindammung des ressourcenverbrauchs synergien zum klimaschutz aufweisen und zusatzlich  positive beschaftigungswirkungen entfalten konnen"," biomasse biookonomie zielt darauf ab den einsatz von fossilem kohlenstoff in der energie und  materialwirtschaft zu vermeiden sie leistet damit einen wesentlichen beitrag zur transformation der wirtschaft und zur klimaneutralitat bei biomasse bestehen gro\u00dfe handlungsspielraume sekundarrohstoffe aus biogenen reststoffen nebenprodukte und nicht  recycelbare abfalle verstarkt und effizient zu nutzen durch ressourceneffiziente oder  kaskadenartige nutzung kann die wertschopfung von biomasse weiter erhoht werden","entlang gemeinsamer ftiziele werden ma\u00dfnahmen umgesetzt die in unterschiedlichen  nationalen forderinitiativen verankert sind und weitgehend uber die osterreichische  forschungsforderungsgesellschaft ffg abgewickelt werden dies betrifft neben den  klassischen technologiethemen auch weiterbildungsma\u00dfnahmen sowie schnittstellen  zur umsetzung wie die innovationsfordernde offentliche beschaffung siehe seite    oder die unterstutzung der vermarktung innovativer osterreichischer produkte im ausland","konsum und geschaftsmodelle  verstarkter erwerb von langlebigen reparierbaren refurbishbaren reparierten und  refurbishten geraten im rahmen der offentlichen beschaffung"," die weiterentwicklung zirkularer geschaftsmodelle leihen mieten leasen reparieren service unterstutzen erfolgsmodelle und best practices sichtbar machen","der aktionsplan fokussiert auf branchen in denen die meisten ressourcen genutzt werden und in denen ein hohes kreislaufpotenzial besteht elektronik und ikt  batterien und fahrzeuge verpackungen kunststoffe textilien bauwirtschaft und gebaude lebensmittel wasser und nahrstoffe"," ma\u00dfnahmenbereiche  wiederaufforstung nach schadereignissen   entwicklung klimafitter w\u00e4lder   abgeltung von durch borkenk\u00e4fersch\u00e4den verursachtem wertverlust   errichtung von nass und trockenlagern f\u00fcr schadholz   mechanische entrindung und andere vorbeugende  fo rstschutzma\u00dfnahmen   ma\u00dfnahmen zur waldbrandpr\u00e4vention   forschungsma\u00dfnahmen sowie forschungsinfrastrukturen zur  he rstellung  von holzgas und biotreibstoffen   forschungsma\u00dfnahmen zum thema klimafitte w\u00e4lder   ma\u00dfnahmen zur verst\u00e4rkten verwendung des rohstoffes holz   ma\u00dfnahmen zur f\u00f6rderung der biodiversit\u00e4t im wald  abbildung  der \u00f6sterreichische   waldfonds  \u00f6sterreichische holzinitiative notizen die \u00f6sterreichische  holzinitiative holz bietet \u00f6kologische und klimafreundliche l\u00f6sungen f\u00fcr eine nachhaltige gegenwart  und zukunft in diesem sinne umfasst die \u00f6sterreichische holzinitiative ma\u00dfnahmen  aktivit\u00e4ten und ideen die den nachwachsenden rohstoff holz als bau und werkstoff  sowie als energietr\u00e4ger effizient und innovativ nutzen","auch die europaische industriestrategie soll den ubergang zu einer grunen und digitalen  industrie unterstutzen  ein wichtiger baustein um die notwendigen geldmittel fur die transformation  bereitzustellen ist die ab  gultige eutaxonomieverordnung sie legt detailliert fest  was kunftig als nachhaltige okonomische aktivitat gilt sie tragt dazu bei zumindest  eines der sechs definierten umweltziele zu erreichen und widerspricht keinem dieser  ziele eines dieser umweltziele ist der ubergang zu einer kreislaufwirtschaft derzeit  wird an der konkretisierung des ambitionsniveaus fur dieses umweltziel gearbeitet   un  transforming our world the  agenda for sustainable development"," qualitatssicherung und fachausbildung bei reparaturdienstleistungen starken"," markte fur rezyklate in zusammenarbeit mit der kunststoffverarbeitenden industrie starken durch regelwerke spezifikation von qualitaten qualitatssicherung  und management zertifizierung logistik und preisgestaltung","die verringerung des ressourcenverbrauchs sowie der abfalle und emissionen  hat daher im kontext einer nachhaltigen entwicklung und des klimaschutzes eine besondere bedeutung die realisierung erfordert eine fundamentale transformation von  der linearen takemakeusewastewirtschaft zur kreislaufwirtschaft"," verpflichtende mehrwegquoten weiter erhohen inklusive kennzeichnungspflichten  fur mehrweg und einwegverpackungen fur getranke takeawayverpackungen  und transportverpackungen"," der neue weg    wirtschaften im kreislauf das  jahrhundert stellt die menschheit vor enorme okologische herausforderungen","sie ermoglicht wirtschaftlichen erfolg mit umweltschutz und sozialem fortschritt zu  verbinden durch den reduzierten ressourcenverbrauch die vermeidung von schadstoffen  und die verringerung von abfallen und emissionen sinkt der okologische fu\u00dfabdruck  insgesamt die kreislaufwirtschaft hilft so den klimawandel den verlust der biologischen  vielfalt und andere okologische herausforderungen zu bewaltigen","  bmnt  abfallvermeidungsprogramm  die osterreichische kreislaufwirtschaftsstrategie digitale reststoffborse marktplatz etablieren um regionalen informationsaustausch zu angebot und nachfrage zu starken und damit einen markt zu schaffen",null],"marker":{"color":"#CFD8DC","opacity":0.5,"size":5},"mode":"markers+text","name":"other","showlegend":false,"x":[6.558562755584717,4.1657257080078125,6.927345275878906,3.630905866622925,3.2164337635040283,2.187572479248047,2.9904401302337646,2.576199769973755,3.743849039077759,4.344630241394043,3.282257318496704,3.535435676574707,2.7643280029296875,3.7894654273986816,2.2177696228027344,5.136598110198975,3.2152836322784424,2.617384433746338,5.552705764770508,2.669461965560913,3.697539806365967,2.2486069202423096,3.8142237663269043,4.301740646362305,4.080134391784668,6.566980838775635,7.0224528312683105,6.8579511642456055,5.104360580444336,6.914501190185547,3.7784063816070557,6.8473219871521,7.036599159240723,4.764307498931885,4.788808822631836,3.4868385791778564,1.2486319541931152,3.397164821624756,4.099908828735352,3.7966902256011963,7.222329616546631,3.783782720565796,3.5122153759002686,3.753173828125,2.1996119022369385,7.062391757965088,5.027337074279785,6.822538375854492,3.5254909992218018,1.4881906509399414,6.887383937835693,7.858623027801514,3.527120351791382,4.337473392486572,4.939218044281006,3.54465913772583,2.6067657470703125,4.334628582000732],"y":[8.527471542358398,8.983366012573242,8.919819831848145,10.67626667022705,9.812844276428223,7.817886829376221,9.642631530761719,8.975631713867188,10.769492149353027,9.119232177734375,9.559786796569824,10.657958030700684,7.203664779663086,10.80593490600586,7.848415374755859,7.943363189697266,9.94969654083252,8.940413475036621,11.980700492858887,9.452654838562012,10.733482360839844,8.351778984069824,10.833324432373047,8.981338500976562,7.555998802185059,9.398879051208496,8.920439720153809,7.02583646774292,9.560272216796875,8.908418655395508,10.81186580657959,7.770506858825684,8.969449043273926,7.530332565307617,9.08703327178955,8.066265106201172,8.76486587524414,9.954585075378418,7.932228088378906,10.822572708129883,7.382133960723877,10.818866729736328,9.868464469909668,10.79572582244873,7.869380950927734,9.011276245117188,7.683056831359863,8.559808731079102,10.669772148132324,8.382584571838379,8.873024940490723,9.775489807128906,9.730340957641602,7.72746467590332,11.879563331604004,9.865077018737793,8.618733406066895,9.211885452270508],"type":"scattergl"},{"hoverinfo":"text","hovertext":[" qualitativ hochwertige sekundarrohstoffe bereitstellen und damit einhergehende  wirksame ausschleusung von schadstoffen und die verbringung in gesicherte  schadstoffsenken"," im einklang mit euvorgaben die bewertungskriterien fur die recyclingfahigkeit  von verpackungen definieren und verbindlich festlegen die osterreichische kreislaufwirtschaftsstrategie forcierung der verwendung von rezyklaten und optimierung hinsichtlich energieverbrauch und coemissionen des einsatzes von nachwachsenden rohstoffen in  der produktion von kunststoffen und verpackungen","auch die bundeslander stellen umfangreiche fordermittel im umwelt und wirtschaftsbereich zur verfugung die uber die bisherigen forderschwerpunkte im abfallbereich hinausgehen und kunftig fur die kreislaufwirtschaft genutzt werden konnen"," abfalle und sekundarressourcen wesentlicher bestandteil einer erfolgreichen kreislaufwirtschaft ist ein transparentes  und integriertes abfallmanagement das darauf abzielt abfalle durch vorbereitung auf  wiederverwendung oder recycling einer erneuten nutzung zuzufuhren bei der nutzung  von abfallen als ressource sind quantitat und qualitat der zuruckgefuhrten materialien  angebot entscheidend ebenso wie eine robuste nachfrage nach sekundarrohstoffen  und wiederverwendbaren komponenten und produkten"," weiterentwicklung von umweltfreundlichen wiederverwendbaren modularen und  recyclingfahigen materialien komponenten und gesamtsystemen fur fahrzeuge  ihre energieversorgung und die benotigte digitale infrastruktur","fur die rohstoffversorgung in der kreislaufwirtschaft gelten folgende grundsatze  der rohstoffbedarf soll kunftig prioritar aus nachhaltigen sekundarquellen gedeckt  werden dann aus nachhaltigen erneuerbaren quellen und nur der verbleibende rest  aus nicht erneuerbaren quellen wobei jeweils vorrangig jene rohstoffquellen genutzt  werden sollen die hohen sozia