<div>                        <script type="text/javascript">window.PlotlyConfig = {MathJaxConfig: 'local'};</script>
        <script src="https://cdn.plot.ly/plotly-2.18.0.min.js"></script>                <div id="a63d28a2-af1d-42a5-a889-65201f793eda" class="plotly-graph-div" style="height:800px; width:800px;"></div>            <script type="text/javascript">                                    window.PLOTLYENV=window.PLOTLYENV || {};                                    if (document.getElementById("a63d28a2-af1d-42a5-a889-65201f793eda")) {                    Plotly.newPlot(                        "a63d28a2-af1d-42a5-a889-65201f793eda",                        [{"coloraxis":"coloraxis","name":"0","x":["0_anpassung_klimawandel_kli...","1_bmlfuw_ma\u00dfnahmen_wasser","2_erhaltung_schutz_lebensr\u00e4...","3_interessenvertretungen_ak...","4_energie_energieeffizienz_...","5_ki_europ\u00e4ischen_daten","6_thermischen_hitzebelastun...","7_tourismus_tourismusstrate...","8_klimawandel_anpassungsstr...","9_katastrophenmanagements_k...","10_bezug_aktivit\u00e4tsfeldern_...","11_biodiversit\u00e4t_arten_ausw...","12_versicherungen_versicher...","13_ki_intelligenz_at","14_m\u00f6gliches_konflikt_poten...","15_ressourcen_m\u00f6glicher_bed...","16_gr\u00fcn_freir\u00e4ume_stadt","17_zunahme_eur_\u00f6sterreichs","18_daten_kisystemen_nachvol...","19_zeithorizont_tragende_ha...","20_akteurinnen_akteure_betr...","21_waldbesitzerinnen_baumar...","22_gemeinden_bundesl\u00e4nder_b...","23_instrumenten_ankn\u00fcpfungs...","24_biodiversit\u00e4tsstrategie_...","25_monitoring_fr\u00fchwarnsyste...","26_verkehrsinfrastruktur_ve...","27_klima_energiefonds_fwf","28_landwirtinnen_landwirte_...","29_waldinventur_wald_waldes","30_infektionskrankheiten_ve...","31_tierhaltung_tiergesundhe...","32_universit\u00e4re_au\u00dferuniver...","33_digitale_digitalen_digit..."],"y":["0_anpassung_klimawandel_kli...","1_bmlfuw_ma\u00dfnahmen_wasser","2_erhaltung_schutz_lebensr\u00e4...","3_interessenvertretungen_ak...","4_energie_energieeffizienz_...","5_ki_europ\u00e4ischen_daten","6_thermischen_hitzebelastun...","7_tourismus_tourismusstrate...","8_klimawandel_anpassungsstr...","9_katastrophenmanagements_k...","10_bezug_aktivit\u00e4tsfeldern_...","11_biodiversit\u00e4t_arten_ausw...","12_versicherungen_versicher...","13_ki_intelligenz_at","14_m\u00f6gliches_konflikt_poten...","15_ressourcen_m\u00f6glicher_bed...","16_gr\u00fcn_freir\u00e4ume_stadt","17_zunahme_eur_\u00f6sterreichs","18_daten_kisystemen_nachvol...","19_zeithorizont_tragende_ha...","20_akteurinnen_akteure_betr...","21_waldbesitzerinnen_baumar...","22_gemeinden_bundesl\u00e4nder_b...","23_instrumenten_ankn\u00fcpfungs...","24_biodiversit\u00e4tsstrategie_...","25_monitoring_fr\u00fchwarnsyste...","26_verkehrsinfrastruktur_ve...","27_klima_energiefonds_fwf","28_landwirtinnen_landwirte_...","29_waldinventur_wald_waldes","30_infektionskrankheiten_ve...","31_tierhaltung_tiergesundhe...","32_universit\u00e4re_au\u00dferuniver...","33_digitale_digitalen_digit..."],"z":[[0.9999999999999998,0.6567911823173735,0.6828039273028377,0.5858225078680449,0.6229913400976811,0.5876920420302154,0.7392786646438874,0.6387395790569214,0.9355777643375818,0.5923397344107253,0.6806512489200655,0.7850044974365671,0.45388496198250844,0.6115049002788352,0.5726893470072867,0.6386221609697489,0.5289391238606471,0.7064054120583161,0.6277804841711281,0.6186339833346443,0.6461451925368058,0.5181220962390266,0.5312663944023153,0.5942429597687994,0.5768185277624982,0.5937919387316993,0.4935743756521008,0.7288715670164901,0.6112895853056506,0.5601933372759915,0.5056228469153347,0.5919266028591165,0.5704094163784206,0.5591970861107134],[0.6567911823173735,0.9999999999999999,0.8580023739419343,0.8145316273273479,0.6772100639466373,0.7693645673970507,0.8339234294792104,0.6054327708712662,0.7774061882813138,0.6620241774785596,0.9064351681373087,0.6742086073331324,0.5740830671659751,0.8416194904518792,0.7171697566138402,0.8575426441214538,0.7234977197431172,0.8117830570183038,0.7908669101254109,0.8396235702418854,0.8752407449590234,0.5982479240997786,0.7494882377989318,0.8131941665725776,0.7013638158755372,0.7403769911512688,0.5649817539418589,0.750156914171378,0.7580163826329841,0.6929019536072563,0.6916902798047339,0.7893073006948126,0.7314070995810856,0.7344778812552878],[0.6828039273028377,0.8580023739419343,1.0,0.8357999270526625,0.6896814622425947,0.7816305346193235,0.806868601738379,0.6121104940025722,0.796403095423525,0.6956561775118804,0.8884992118812396,0.7682152631729813,0.6361612920892511,0.8694861052681051,0.7607541523694832,0.8774397264187975,0.7683917004125358,0.794147882770853,0.8379697146394087,0.8502398528054333,0.8762236692330294,0.6877757323048262,0.7735875526370359,0.8185311709182113,0.7763530382105344,0.7152011666979838,0.5471688664469524,0.7593331333711966,0.8124153811004682,0.7432996446529939,0.6730624342374285,0.8387915120089782,0.7680543761196804,0.7220909273299627],[0.5858225078680449,0.8145316273273479,0.8357999270526625,0.9999999999999992,0.6546354473459908,0.82709048396361,0.7440274797293704,0.609896948831751,0.7434802734853496,0.6171229975259533,0.8792569676178483,0.6535417020089406,0.5964476320569227,0.8878657035397072,0.7276307198577375,0.8395771505630802,0.7459739297097188,0.8295100801520605,0.7941276297279396,0.867411704925772,0.8859616958564759,0.6444252215376022,0.7825191645114192,0.8578420002145127,0.7487901277674625,0.6894604495803853,0.5468152421733723,0.7572532889873638,0.8091899826045051,0.7291920100397473,0.7184667231304088,0.7923814544880073,0.8054267711093982,0.7358373663780877],[0.6229913400976811,0.6772100639466373,0.6896814622425947,0.6546354473459908,1.0,0.5799368230994788,0.7308354964577239,0.4608911421662715,0.6510331294068743,0.5097000226947692,0.7119512664416404,0.6246095411194582,0.4805086159108095,0.668781848087592,0.5544645073664906,0.6674947100253967,0.5760089355685498,0.6486547065173474,0.6087892239194928,0.634145165344615,0.610344543657517,0.5206303612436912,0.5445878835360906,0.5975617554082733,0.5780477448250223,0.5767989047978272,0.5073069968241676,0.780877135485518,0.6058583836151444,0.5510859518466101,0.434443450208528,0.5431605257161622,0.5788139570104315,0.6013670146942898],[0.5876920420302154,0.7693645673970507,0.7816305346193235,0.82709048396361,0.5799368230994788,0.9999999999999993,0.7189517739289273,0.6388617669010737,0.7148202833046011,0.5696819552473797,0.8025027453898705,0.627146712302302,0.511066704797554,0.8776784080898179,0.6985207622133955,0.8157079686983304,0.764220687732682,0.8776506617681796,0.8331402052518119,0.8558015975013812,0.8367207040539337,0.5599895964848132,0.8123224582535463,0.8408214460257313,0.7856948909538151,0.6693254026609681,0.5763835127733871,0.7701395732126897,0.7827891620603356,0.6584194730936159,0.6646512839604237,0.789445787875966,0.8098118295426222,0.7462428198830775],[0.7392786646438874,0.8339234294792104,0.806868601738379,0.7440274797293704,0.7308354964577239,0.7189517739289273,1.0000000000000002,0.6010476382819027,0.7769837777918065,0.6073316787140909,0.7756669613590947,0.6518577903457496,0.5392199619411744,0.7508994986682105,0.6506281259108442,0.7735396517276383,0.6603169635739803,0.8078850741116526,0.7371470609083708,0.7837355230024016,0.7873949000163983,0.54997333726275,0.6484021036335695,0.7379749406107056,0.6390243418354221,0.6913706933659906,0.49030701866712656,0.7769665122028657,0.684960439481078,0.6631691204602769,0.6575439842707583,0.7177728519825813,0.6555823871263968,0.6450717936108877],[0.6387395790569214,0.6054327708712662,0.6121104940025722,0.609896948831751,0.4608911421662715,0.6388617669010737,0.6010476382819027,0.9999999999999998,0.7060213013193615,0.46653558068530687,0.6468800214434007,0.6245317945944788,0.376460453911141,0.6155952571922695,0.5040232823379911,0.6105016698111677,0.6000360793382707,0.6969191571471681,0.5774651090722133,0.6198221278334382,0.6373576920845525,0.508854597267474,0.6269546666547942,0.6035913588003518,0.6452681599159186,0.5057133684882762,0.5310199509783786,0.6052897729214218,0.5950776289487403,0.5682478421764838,0.4578800949061654,0.5500480598463883,0.6027393411785948,0.5337382088447833],[0.9355777643375818,0.7774061882813138,0.796403095423525,0.7434802734853496,0.6510331294068743,0.7148202833046011,0.7769837777918065,0.7060213013193615,0.9999999999999998,0.6487641883144373,0.8175009095556229,0.7862847167437641,0.5253751645874452,0.769383843998519,0.6985963503814407,0.7723971295189849,0.6264338677187482,0.7892711250634834,0.7286166627681476,0.7580829444463669,0.8224386217581955,0.5869672778625331,0.6462158901451516,0.7282914545944843,0.6819317451545421,0.6657208446627845,0.5590503746470434,0.7531448948270576,0.7152659183762621,0.6626185592813838,0.6073370601571358,0.7052188145658393,0.6801580101741022,0.685237051217827],[0.5923397344107253,0.6620241774785596,0.6956561775118804,0.6171229975259533,0.5097000226947692,0.5696819552473797,0.6073316787140909,0.46653558068530687,0.6487641883144373,1.0000000000000002,0.6739777688794676,0.6247552164829769,0.556178793775841,0.6228059178829596,0.6720050624246301,0.6514434828312434,0.5509008575830738,0.6014626652677668,0.6161591019170689,0.6273355305974605,0.6620575926445328,0.5788005399482814,0.6276594875993925,0.605809951205518,0.5745114292050437,0.608793892896144,0.47196578115657695,0.6071332356091849,0.6152789557178732,0.5977641386461949,0.629201327764775,0.6098285402017051,0.5956587073739508,0.5345362761481216],[0.6806512489200655,0.9064351681373087,0.8884992118812396,0.8792569676178483,0.7119512664416404,0.8025027453898705,0.7756669613590947,0.6468800214434007,0.8175009095556229,0.6739777688794676,0.9999999999999999,0.787585602159641,0.5429011209857507,0.8876744558596137,0.7603563717545195,0.8683405900645199,0.7724925447561664,0.8165144576628985,0.8000369443654404,0.852069551962149,0.8916622049418089,0.6868166503266396,0.7958267663676858,0.8510015789334568,0.8104399093516296,0.7184146730991336,0.5870851112044679,0.7725559579829919,0.825430287438798,0.7546501411090807,0.6927430542013558,0.8154205922495488,0.7859133042904043,0.768477226827339],[0.7850044974365671,0.6742086073331324,0.7682152631729813,0.6535417020089406,0.6246095411194582,0.627146712302302,0.6518577903457496,0.6245317945944788,0.7862847167437641,0.6247552164829769,0.787585602159641,0.9999999999999998,0.39909218636263827,0.6744863329727623,0.61352204368451,0.7008110952473556,0.6240686069681766,0.6726923866356123,0.6493996536125956,0.6467711960442583,0.6497466300874252,0.7135308938969147,0.669085224554246,0.6506151647987719,0.8627693466033133,0.5853617804562944,0.42434774388621993,0.7251181242390027,0.7232848626031665,0.7112253291072741,0.5690391019453694,0.7173230106871591,0.6840405102140968,0.5809744763565324],[0.45388496198250844,0.5740830671659751,0.6361612920892511,0.5964476320569227,0.4805086159108095,0.511066704797554,0.5392199619411744,0.376460453911141,0.5253751645874452,0.556178793775841,0.5429011209857507,0.39909218636263827,1.0000000000000004,0.5588189679582549,0.455603166650058,0.5307310048479972,0.4041821861617009,0.5170104800513282,0.6408490121976984,0.5388710766585176,0.5986820334533466,0.40610920927008587,0.46734752244495614,0.4765480993091063,0.38917164828550266,0.48585885157851905,0.4139122486454569,0.5551861016273635,0.47410150030997866,0.4559584667538966,0.5165173843525354,0.5130762249349442,0.4666977899038822,0.4453088939636327],[0.6115049002788352,0.8416194904518792,0.8694861052681051,0.8878657035397072,0.668781848087592,0.8776784080898179,0.7508994986682105,0.6155952571922695,0.769383843998519,0.6228059178829596,0.8876744558596137,0.6744863329727623,0.5588189679582549,0.9999999999999998,0.7595995165032905,0.8969425653695354,0.7814839446639489,0.840099988067054,0.8717434766380769,0.880963386005668,0.9147911714023931,0.6390849903049782,0.8074288457538537,0.8724018944412258,0.7643904851647408,0.7683898943119517,0.5952463823786945,0.7765393676236447,0.8488530610187485,0.728474535130768,0.7128365255383234,0.8261381394535809,0.8394859336182439,0.840127627808917],[0.5726893470072867,0.7171697566138402,0.7607541523694832,0.7276307198577375,0.5544645073664906,0.6985207622133955,0.6506281259108442,0.5040232823379911,0.6985963503814407,0.6720050624246301,0.7603563717545195,0.61352204368451,0.455603166650058,0.7595995165032905,1.0000000000000002,0.7964582137336274,0.6147376055159512,0.6974306379212877,0.6965979924584124,0.743158039402706,0.7984142358105495,0.5645152152693182,0.6826791606564048,0.7344863192645357,0.6472978554859801,0.5855875045561605,0.516350904571744,0.6432497680198328,0.7083499238256115,0.6592916931462824,0.6269338487783247,0.6879609473026822,0.7051349789980016,0.6284034324888855],[0.6386221609697489,0.8575426441214538,0.8774397264187975,0.8395771505630802,0.6674947100253967,0.8157079686983304,0.7735396517276383,0.6105016698111677,0.7723971295189849,0.6514434828312434,0.8683405900645199,0.7008110952473556,0.5307310048479972,0.8969425653695354,0.7964582137336274,0.9999999999999997,0.7430974564745907,0.8173339233790503,0.8334058445016062,0.8904066845402168,0.8892033016052405,0.6429715528522854,0.7928193269700402,0.8656250938764665,0.7609640824455748,0.7082527515099474,0.597130367143881,0.7596923184749365,0.8186450170550698,0.7270584102094468,0.6931618674027511,0.83890060191896,0.8148277206049956,0.7870329950022974],[0.5289391238606471,0.7234977197431172,0.7683917004125358,0.7459739297097188,0.5760089355685498,0.764220687732682,0.6603169635739803,0.6000360793382707,0.6264338677187482,0.5509008575830738,0.7724925447561664,0.6240686069681766,0.4041821861617009,0.7814839446639489,0.6147376055159512,0.7430974564745907,1.0000000000000007,0.7393410112699794,0.7087194073609224,0.7668802192774649,0.738971682161403,0.6180081408094458,0.8642978156732448,0.799906794443648,0.6865905495691034,0.5902522259020274,0.6457014486913728,0.6595483815216827,0.7514829065120185,0.6436785720863215,0.5947752987755653,0.6914661045510934,0.7135905365534587,0.681254635222087],[0.7064054120583161,0.8117830570183038,0.794147882770853,0.8295100801520605,0.6486547065173474,0.8776506617681796,0.8078850741116526,0.6969191571471681,0.7892711250634834,0.6014626652677668,0.8165144576628985,0.6726923866356123,0.5170104800513282,0.840099988067054,0.6974306379212877,0.8173339233790503,0.7393410112699794,1.0000000000000004,0.7877309206624927,0.846482959245055,0.8162406974795295,0.6231372225187062,0.7533284759710733,0.7955567026725913,0.7482621768381718,0.6719011691653782,0.5337533618500201,0.8043353920411418,0.7629438494356975,0.7142182166983103,0.6717472245252663,0.7659064111770879,0.75754802862571,0.6985242357035799],[0.6277804841711281,0.7908669101254109,0.8379697146394087,0.7941276297279396,0.6087892239194928,0.8331402052518119,0.7371470609083708,0.5774651090722133,0.7286166627681476,0.6161591019170689,0.8000369443654404,0.6493996536125956,0.6408490121976984,0.8717434766380769,0.6965979924584124,0.8334058445016062,0.7087194073609224,0.7877309206624927,0.9999999999999994,0.839285340486843,0.8419756602328657,0.5604440033343473,0.7672167810400088,0.8102272598644328,0.6868680532446271,0.786922785577882,0.6483410347292139,0.7593831488226765,0.7776123785793287,0.6496025458856416,0.6819069317823034,0.7695892662824855,0.7642773912579541,0.804975782533263],[0.6186339833346443,0.8396235702418854,0.8502398528054333,0.867411704925772,0.634145165344615,0.8558015975013812,0.7837355230024016,0.6198221278334382,0.7580829444463669,0.6273355305974605,0.852069551962149,0.6467711960442583,0.5388710766585176,0.880963386005668,0.743158039402706,0.8904066845402168,0.7668802192774649,0.846482959245055,0.839285340486843,0.9999999999999996,0.8888839952180196,0.6349785063336929,0.8143860928869899,0.8898395808213457,0.7345208468609558,0.7245783076119743,0.5883047183588856,0.7504423598735981,0.8574840020334955,0.7168267274692671,0.674126426261338,0.8167005682971258,0.8074992217107617,0.757211441190191],[0.6461451925368058,0.8752407449590234,0.8762236692330294,0.8859616958564759,0.610344543657517,0.8367207040539337,0.7873949000163983,0.6373576920845525,0.8224386217581955,0.6620575926445328,0.8916622049418089,0.6497466300874252,0.5986820334533466,0.9147911714023931,0.7984142358105495,0.8892033016052405,0.738971682161403,0.8162406974795295,0.8419756602328657,0.8888839952180196,1.0000000000000004,0.6298482505955547,0.7878593939787941,0.8737620880151507,0.7236425823577491,0.7292020213937678,0.5938357977896592,0.7232303379979153,0.8169476578067176,0.7259548963011578,0.7732683068546771,0.8272353836621491,0.7839794050218518,0.7927787512887046],[0.5181220962390266,0.5982479240997786,0.6877757323048262,0.6444252215376022,0.5206303612436912,0.5599895964848132,0.54997333726275,0.508854597267474,0.5869672778625331,0.5788005399482814,0.6868166503266396,0.7135308938969147,0.40610920927008587,0.6390849903049782,0.5645152152693182,0.6429715528522854,0.6180081408094458,0.6231372225187062,0.5604440033343473,0.6349785063336929,0.6298482505955547,0.9999999999999998,0.6535154166102937,0.6241740604177018,0.7022880261002036,0.48696944151156474,0.3896638989585601,0.6169615455819537,0.7265635408965775,0.9332679465856897,0.5146691425600446,0.654006206791525,0.6144925461369972,0.5039177551704601],[0.5312663944023153,0.7494882377989318,0.7735875526370359,0.7825191645114192,0.5445878835360906,0.8123224582535463,0.6484021036335695,0.6269546666547942,0.6462158901451516,0.6276594875993925,0.7958267663676858,0.669085224554246,0.46734752244495614,0.8074288457538537,0.6826791606564048,0.7928193269700402,0.8642978156732448,0.7533284759710733,0.7672167810400088,0.8143860928869899,0.7878593939787941,0.6535154166102937,0.9999999999999997,0.8414526260148991,0.7793033901456797,0.6447067241439515,0.6068930455042828,0.7128994612539389,0.8179874716750006,0.7003939144762745,0.6761394139193959,0.789970210418329,0.7910161491247143,0.6901659895096133],[0.5942429597687994,0.8131941665725776,0.8185311709182113,0.8578420002145127,0.5975617554082733,0.8408214460257313,0.7379749406107056,0.6035913588003518,0.7282914545944843,0.605809951205518,0.8510015789334568,0.6506151647987719,0.4765480993091063,0.8724018944412258,0.7344863192645357,0.8656250938764665,0.799906794443648,0.7955567026725913,0.8102272598644328,0.8898395808213457,0.8737620880151507,0.6241740604177018,0.8414526260148991,0.9999999999999998,0.7705250523560191,0.7123411644271985,0.6343609991100128,0.7513559023440826,0.8087526828421995,0.7039120817861093,0.6857271022707023,0.8370554332467992,0.8194566276329645,0.7965060297449177],[0.5768185277624982,0.7013638158755372,0.7763530382105344,0.7487901277674625,0.5780477448250223,0.7856948909538151,0.6390243418354221,0.6452681599159186,0.6819317451545421,0.5745114292050437,0.8104399093516296,0.8627693466033133,0.38917164828550266,0.7643904851647408,0.6472978554859801,0.7609640824455748,0.6865905495691034,0.7482621768381718,0.6868680532446271,0.7345208468609558,0.7236425823577491,0.7022880261002036,0.7793033901456797,0.7705250523560191,0.9999999999999998,0.5913683040918387,0.42971880024248954,0.728264287469594,0.7769221215039345,0.7437668155490942,0.6192405954387168,0.80956114803588,0.7670353138367281,0.651966093085353],[0.5937919387316993,0.7403769911512688,0.7152011666979838,0.6894604495803853,0.5767989047978272,0.6693254026609681,0.6913706933659906,0.5057133684882762,0.6657208446627845,0.608793892896144,0.7184146730991336,0.5853617804562944,0.48585885157851905,0.7683898943119517,0.5855875045561605,0.7082527515099474,0.5902522259020274,0.6719011691653782,0.786922785577882,0.7245783076119743,0.7292020213937678,0.48696944151156474,0.6447067241439515,0.7123411644271985,0.5913683040918387,0.9999999999999996,0.5825590656361586,0.6813971345866163,0.6478991703214967,0.5761925342087213,0.597261991268399,0.6862048871764674,0.6568316821304404,0.7068518765150236],[0.4935743756521008,0.5649817539418589,0.5471688664469524,0.5468152421733723,0.5073069968241676,0.5763835127733871,0.49030701866712656,0.5310199509783786,0.5590503746470434,0.47196578115657695,0.5870851112044679,0.42434774388621993,0.4139122486454569,0.5952463823786945,0.516350904571744,0.597130367143881,0.6457014486913728,0.5337533618500201,0.6483410347292139,0.5883047183588856,0.5938357977896592,0.3896638989585601,0.6068930455042828,0.6343609991100128,0.42971880024248954,0.5825590656361586,0.9999999999999999,0.5283983724724205,0.54476718466002,0.4300401375058859,0.39943556037890443,0.4904747216175305,0.5103311482496911,0.5947775719148722],[0.7288715670164901,0.750156914171378,0.7593331333711966,0.7572532889873638,0.780877135485518,0.7701395732126897,0.7769665122028657,0.6052897729214218,0.7531448948270576,0.6071332356091849,0.7725559579829919,0.7251181242390027,0.5551861016273635,0.7765393676236447,0.6432497680198328,0.7596923184749365,0.6595483815216827,0.8043353920411418,0.7593831488226765,0.7504423598735981,0.7232303379979153,0.6169615455819537,0.7128994612539389,0.7513559023440826,0.728264287469594,0.6813971345866163,0.5283983724724205,1.0,0.7637089741808355,0.6942132040630125,0.5861383454632099,0.7152476355961566,0.823267578091279,0.69782277582549],[0.6112895853056506,0.7580163826329841,0.8124153811004682,0.8091899826045051,0.6058583836151444,0.7827891620603356,0.684960439481078,0.5950776289487403,0.7152659183762621,0.6152789557178732,0.825430287438798,0.7232848626031665,0.47410150030997866,0.8488530610187485,0.7083499238256115,0.8186450170550698,0.7514829065120185,0.7629438494356975,0.7776123785793287,0.8574840020334955,0.8169476578067176,0.7265635408965775,0.8179874716750006,0.8087526828421995,0.7769221215039345,0.6478991703214967,0.54476718466002,0.7637089741808355,1.0,0.7469620476976371,0.7140285285743055,0.79368574428928,0.8502943401711008,0.7307335293459031],[0.5601933372759915,0.6929019536072563,0.7432996446529939,0.7291920100397473,0.5510859518466101,0.6584194730936159,0.6631691204602769,0.5682478421764838,0.6626185592813838,0.5977641386461949,0.7546501411090807,0.7112253291072741,0.4559584667538966,0.728474535130768,0.6592916931462824,0.7270584102094468,0.6436785720863215,0.7142182166983103,0.6496025458856416,0.7168267274692671,0.7259548963011578,0.9332679465856897,0.7003939144762745,0.7039120817861093,0.7437668155490942,0.5761925342087213,0.4300401375058859,0.6942132040630125,0.7469620476976371,1.0,0.5988270719210584,0.7179302677252466,0.6927546842970508,0.5892941896124262],[0.5056228469153347,0.6916902798047339,0.6730624342374285,0.7184667231304088,0.434443450208528,0.6646512839604237,0.6575439842707583,0.4578800949061654,0.6073370601571358,0.629201327764775,0.6927430542013558,0.5690391019453694,0.5165173843525354,0.7128365255383234,0.6269338487783247,0.6931618674027511,0.5947752987755653,0.6717472245252663,0.6819069317823034,0.674126426261338,0.7732683068546771,0.5146691425600446,0.6761394139193959,0.6857271022707023,0.6192405954387168,0.597261991268399,0.39943556037890443,0.5861383454632099,0.7140285285743055,0.5988270719210584,0.9999999999999997,0.7305743077876969,0.6372742950882034,0.6116309714307346],[0.5919266028591165,0.7893073006948126,0.8387915120089782,0.7923814544880073,0.5431605257161622,0.789445787875966,0.7177728519825813,0.5500480598463883,0.7052188145658393,0.6098285402017051,0.8154205922495488,0.7173230106871591,0.5130762249349442,0.8261381394535809,0.6879609473026822,0.83890060191896,0.6914661045510934,0.7659064111770879,0.7695892662824855,0.8167005682971258,0.8272353836621491,0.654006206791525,0.789970210418329,0.8370554332467992,0.80956114803588,0.6862048871764674,0.4904747216175305,0.7152476355961566,0.79368574428928,0.7179302677252466,0.7305743077876969,1.0,0.7623904902162748,0.6775449511537871],[0.5704094163784206,0.7314070995810856,0.7680543761196804,0.8054267711093982,0.5788139570104315,0.8098118295426222,0.6555823871263968,0.6027393411785948,0.6801580101741022,0.5956587073739508,0.7859133042904043,0.6840405102140968,0.4666977899038822,0.8394859336182439,0.7051349789980016,0.8148277206049956,0.7135905365534587,0.75754802862571,0.7642773912579541,0.8074992217107617,0.7839794050218518,0.6144925461369972,0.7910161491247143,0.8194566276329645,0.7670353138367281,0.6568316821304404,0.5103311482496911,0.823267578091279,0.8502943401711008,0.6927546842970508,0.6372742950882034,0.7623904902162748,0.9999999999999997,0.761500610748018],[0.5591970861107134,0.7344778812552878,0.7220909273299627,0.7358373663780877,0.6013670146942898,0.7462428198830775,0.6450717936108877,0.5337382088447833,0.685237051217827,0.5345362761481216,0.768477226827339,0.5809744763565324,0.4453088939636327,0.840127627808917,0.6284034324888855,0.7870329950022974,0.681254635222087,0.6985242357035799,0.804975782533263,0.757211441190191,0.7927787512887046,0.5039177551704601,0.6901659895096133,0.7965060297449177,0.651966093085353,0.7068518765150236,0.5947775719148722,0.69782277582549,0.7307335293459031,0.5892941896124262,0.6116309714307346,0.6775449511537871,0.761500610748018,1.0]],"type":"heatmap","xaxis":"x","yaxis":"y","hovertemplate":"x: %{x}<br>y: %{y}<br>Similarity Score: %{z}<extra></extra>"}],                        {"template":{"data":{"histogram2dcontour":[{"type":"histogram2dcontour","colorbar":{"outlinewidth":0,"ticks":""},"colorscale":[[0.0,"#0d0887"],[0.1111111111111111,"#46039f"],[0.2222222222222222,"#7201a8"],[0.3333333333333333,"#9c179e"],[0.4444444444444444,"#bd3786"],[0.5555555555555556,"#d8576b"],[0.6666666666666666,"#ed7953"],[0.7777777777777778,"#fb9f3a"],[0.8888888888888888,"#fdca26"],[1.0,"#f0f921"]]}],"choropleth":[{"type":"choropleth","colorbar":{"outlinewidth":0,"ticks":""}}],"histogram2d":[{"type":"histogram2d","colorbar":{"outlinewidth":0,"ticks":""},"colorscale":[[0.0,"#0d0887"],[0.1111111111111111,"#46039f"],[0.2222222222222222,"#7201a8"],[0.3333333333333333,"#9c179e"],[0.4444444444444444,"#bd3786"],[0.5555555555555556,"#d8576b"],[0.6666666666666666,"#ed7953"],[0.7777777777777778,"#fb9f3a"],[0.8888888888888888,"#fdca26"],[1.0,"#f0f921"]]}],"heatmap":[{"type":"heatmap","colorbar":{"outlinewidth":0,"ticks":""},"colorscale":[[0.0,"#0d0887"],[0.1111111111111111,"#46039f"],[0.2222222222222222,"#7201a8"],[0.3333333333333333,"#9c179e"],[0.4444444444444444,"#bd3786"],[0.5555555555555556,"#d8576b"],[0.6666666666666666,"#ed7953"],[0.7777777777777778,"#fb9f3a"],[0.8888888888888888,"#fdca26"],[1.0,"#f0f921"]]}],"heatmapgl":[{"type":"heatmapgl","colorbar":{"outlinewidth":0,"ticks":""},"colorscale":[[0.0,"#0d0887"],[0.1111111111111111,"#46039f"],[0.2222222222222222,"#7201a8"],[0.3333333333333333,"#9c179e"],[0.4444444444444444,"#bd3786"],[0.5555555555555556,"#d8576b"],[0.6666666666666666,"#ed7953"],[0.7777777777777778,"#fb9f3a"],[0.8888888888888888,"#fdca26"],[1.0,"#f0f921"]]}],"contourcarpet":[{"type":"contourcarpet","colorbar":{"outlinewidth":0,"ticks":""}}],"contour":[{"type":"contour","colorbar":{"outlinewidth":0,"ticks":""},"colorscale":[[0.0,"#0d0887"],[0.1111111111111111,"#46039f"],[0.2222222222222222,"#7201a8"],[0.3333333333333333,"#9c179e"],[0.4444444444444444,"#bd3786"],[0.5555555555555556,"#d8576b"],[0.6666666666666666,"#ed7953"],[0.7777777777777778,"#fb9f3a"],[0.8888888888888888,"#fdca26"],[1.0,"#f0f921"]]}],"surface":[{"type":"surface","colorbar":{"outlinewidth":0,"ticks":""},"colorscale":[[0.0,"#0d0887"],[0.1111111111111111,"#46039f"],[0.2222222222222222,"#7201a8"],[0.3333333333333333,"#9c179e"],[0.4444444444444444,"#bd3786"],[0.5555555555555556,"#d8576b"],[0.6666666666666666,"#ed7953"],[0.7777777777777778,"#fb9f3a"],[0.8888888888888888,"#fdca26"],[1.0,"#f0f921"]]}],"mesh3d":[{"type":"mesh3d","colorbar":{"outlinewidth":0,"ticks":""}}],"scatter":[{"fillpattern":{"fillmode":"overlay","size":10,"solidity":0.2},"type":"scatter"}],"parcoords":[{"type":"parcoords","line":{"colorbar":{"outlinewidth":0,"ticks":""}}}],"scatterpolargl":[{"type":"scatterpolargl","marker":{"colorbar":{"outlinewidth":0,"ticks":""}}}],"bar":[{"error_x":{"color":"#2a3f5f"},"error_y":{"color":"#2a3f5f"},"marker":{"line":{"color":"#E5ECF6","width":0.5},"pattern":{"fillmode":"overlay","size":10,"solidity":0.2}},"type":"bar"}],"scattergeo":[{"type":"scattergeo","marker":{"colorbar":{"outlinewidth":0,"ticks":""}}}],"scatterpolar":[{"type":"scatterpolar","marker":{"colorbar":{"outlinewidth":0,"ticks":""}}}],"histogram":[{"marker":{"pattern":{"fillmode":"overlay","size":10,"solidity":0.2}},"type":"histogram"}],"scattergl":[{"type":"scattergl","marker":{"colorbar":{"outlinewidth":0,"ticks":""}}}],"scatter3d":[{"type":"scatter3d","line":{"colorbar":{"outlinewidth":0,"ticks":""}},"marker":{"colorbar":{"outlinewidth":0,"ticks":""}}}],"scattermapbox":[{"type":"scattermapbox","marker":{"colorbar":{"outlinewidth":0,"ticks":""}}}],"scatterternary":[{"type":"scatterternary","marker":{"colorbar":{"outlinewidth":0,"ticks":""}}}],"scattercarpet":[{"type":"scattercarpet","marker":{"colorbar":{"outlinewidth":0,"ticks":""}}}],"carpet":[{"aaxis":{"endlinecolor":"#2a3f5f","gridcolor":"white","linecolor":"white","minorgridcolor":"white","startlinecolor":"#2a3f5f"},"baxis":{"endlinecolor":"#2a3f5f","gridcolor":"white","linecolor":"white","minorgridcolor":"white","startlinecolor":"#2a3f5f"},"type":"carpet"}],"table":[{"cells":{"fill":{"color":"#EBF0F8"},"line":{"color":"white"}},"header":{"fill":{"color":"#C8D4E3"},"line":{"color":"white"}},"type":"table"}],"barpolar":[{"marker":{"line":{"color":"#E5ECF6","width":0.5},"pattern":{"fillmode":"overlay","size":10,"solidity":0.2}},"type":"barpolar"}],"pie":[{"automargin":true,"type":"pie"}]},"layout":{"autotypenumbers":"strict","colorway":["#636efa","#EF553B","#00cc96","#ab63fa","#FFA15A","#19d3f3","#FF6692","#B6E880","#FF97FF","#FECB52"],"font":{"color":"#2a3f5f"},"hovermode":"closest","hoverlabel":{"align":"left"},"paper_bgcolor":"white","plot_bgcolor":"#E5ECF6","polar":{"bgcolor":"#E5ECF6","angularaxis":{"gridcolor":"white","linecolor":"white","ticks":""},"radialaxis":{"gridcolor":"white","linecolor":"white","ticks":""}},"ternary":{"bgcolor":"#E5ECF6","aaxis":{"gridcolor":"white","linecolor":"white","ticks":""},"baxis":{"gridcolor":"white","linecolor":"white","ticks":""},"caxis":{"gridcolor":"white","linecolor":"white","ticks":""}},"coloraxis":{"colorbar":{"outlinewidth":0,"ticks":""}},"colorscale":{"sequential":[[0.0,"#0d0887"],[0.1111111111111111,"#46039f"],[0.2222222222222222,"#7201a8"],[0.3333333333333333,"#9c179e"],[0.4444444444444444,"#bd3786"],[0.5555555555555556,"#d8576b"],[0.6666666666666666,"#ed7953"],[0.7777777777777778,"#fb9f3a"],[0.8888888888888888,"#fdca26"],[1.0,"#f0f921"]],"sequentialminus":[[0.0,"#0d0887"],[0.1111111111111111,"#46039f"],[0.2222222222222222,"#7201a8"],[0.3333333333333333,"#9c179e"],[0.4444444444444444,"#bd3786"],[0.5555555555555556,"#d8576b"],[0.6666666666666666,"#ed7953"],[0.7777777777777778,"#fb9f3a"],[0.8888888888888888,"#fdca26"],[1.0,"#f0f921"]],"diverging":[[0,"#8e0152"],[0.1,"#c51b7d"],[0.2,"#de77ae"],[0.3,"#f1b6da"],[0.4,"#fde0ef"],[0.5,"#f7f7f7"],[0.6,"#e6f5d0"],[0.7,"#b8e186"],[0.8,"#7fbc41"],[0.9,"#4d9221"],[1,"#276419"]]},"xaxis":{"gridcolor":"white","linecolor":"white","ticks":"","title":{"standoff":15},"zerolinecolor":"white","automargin":true,"zerolinewidth":2},"yaxis":{"gridcolor":"white","linecolor":"white","ticks":"","title":{"standoff":15},"zerolinecolor":"white","automargin":true,"zerolinewidth":2},"scene":{"xaxis":{"backgroundcolor":"#E5ECF6","gridcolor":"white","linecolor":"white","showbackground":true,"ticks":"","zerolinecolor":"white","gridwidth":2},"yaxis":{"backgroundcolor":"#E5ECF6","gridcolor":"white","linecolor":"white","showbackground":true,"ticks":"","zerolinecolor":"white","gridwidth":2},"zaxis":{"backgroundcolor":"#E5ECF6","gridcolor":"white","linecolor":"white","showbackground":true,"ticks":"","zerolinecolor":"white","gridwidth":2}},"shapedefaults":{"line":{"color":"#2a3f5f"}},"annotationdefaults":{"arrowcolor":"#2a3f5f","arrowhead":0,"arrowwidth":1},"geo":{"bgcolor":"white","landcolor":"#E5ECF6","subunitcolor":"white","showland":true,"showlakes":true,"lakecolor":"white"},"title":{"x":0.05},"mapbox":{"style":"light"}}},"xaxis":{"anchor":"y","domain":[0.0,1.0],"scaleanchor":"y","constrain":"domain"},"yaxis":{"anchor":"x","domain":[0.0,1.0],"autorange":"reversed","constrain":"domain"},"coloraxis":{"colorbar":{"title":{"text":"Similarity Score"}},"colorscale":[[0.0,"rgb(247,252,240)"],[0.125,"rgb(224,243,219)"],[0.25,"rgb(204,235,197)"],[0.375,"rgb(168,221,181)"],[0.5,"rgb(123,204,196)"],[0.625,"rgb(78,179,211)"],[0.75,"rgb(43,140,190)"],[0.875,"rgb(8,104,172)"],[1.0,"rgb(8,64,129)"]]},"margin":{"t":60},"title":{"text":"AT_daten_ki_n_neighbors = 10.0 min_dist = 0.0 min_cluster = 30 min_sample = 7"},"hoverlabel":{"font":{"size":16,"family":"Rockwell"},"bgcolor":"white"},"width":800,"height":800,"showlegend":true,"legend":{"title":{"text":"Trend"}}},                        {"responsive": true}                    )                };                            </script>        </div><div>                        <script type="text/javascript">window.PlotlyConfig = {MathJaxConfig: 'local'};</script>
