<div>                        <script type="text/javascript">window.PlotlyConfig = {MathJaxConfig: 'local'};</script>
        <script src="https://cdn.plot.ly/plotly-2.18.0.min.js"></script>                <div id="bb5f1927-e32a-433c-8b32-abf9ea85a1bb" class="plotly-graph-div" style="height:800px; width:800px;"></div>            <script type="text/javascript">                                    window.PLOTLYENV=window.PLOTLYENV || {};                                    if (document.getElementById("bb5f1927-e32a-433c-8b32-abf9ea85a1bb")) {                    Plotly.newPlot(                        "bb5f1927-e32a-433c-8b32-abf9ea85a1bb",                        [{"coloraxis":"coloraxis","name":"0","x":["0_energien_erneuerbaren_aus...","1_bundeswehr_kontrolle_schutz","2_region_sicherheit_eu","3_wasserstoff_mobilit\u00e4t_bima","4_transformation_innovation...","5_forschung_digitale_schaffen","6_digitalisierung_digitale_...","7_familien_kinder_eltern","8_kommunen_pr\u00fcfen_zukunftsi...","9_setzen_europ\u00e4ischen_unter...","10_bundeswehr_verbessern_be...","11_krankenkassen_pr\u00e4vention...","12_bafin_geldw\u00e4sche_kapital...","13_migration_asylverfahren_...","14_fairen_wettbewerb_gwb","15_steuerhinterziehung_steu...","16_europ\u00e4ischen_europ\u00e4ische...","17_arbeitgeber_arbeit_besch...","18_rente_b\u00fcrgergeld_altersv...","19_partnerschaft_internatio...","20_schulen_ausbildung_bildung","21_klima_klimaneutralit\u00e4t_k...","22_coronapandemie_schuldenb...","23_religionsgemeinschaften_...","24_koalitionspartner_koalit...","25_kultur_medien_kulturelle","26_jahren_gesellschaft_aufe...","27_digitale_digitalen_gesch...","28_gleichstellung_diskrimin...","29_kinder_kindergrundsicher...","30_ii_drohnen_sgb","31_fl\u00e4chen_pflanzenschutzmi..."],"y":["0_energien_erneuerbaren_aus...","1_bundeswehr_kontrolle_schutz","2_region_sicherheit_eu","3_wasserstoff_mobilit\u00e4t_bima","4_transformation_innovation...","5_forschung_digitale_schaffen","6_digitalisierung_digitale_...","7_familien_kinder_eltern","8_kommunen_pr\u00fcfen_zukunftsi...","9_setzen_europ\u00e4ischen_unter...","10_bundeswehr_verbessern_be...","11_krankenkassen_pr\u00e4vention...","12_bafin_geldw\u00e4sche_kapital...","13_migration_asylverfahren_...","14_fairen_wettbewerb_gwb","15_steuerhinterziehung_steu...","16_europ\u00e4ischen_europ\u00e4ische...","17_arbeitgeber_arbeit_besch...","18_rente_b\u00fcrgergeld_altersv...","19_partnerschaft_internatio...","20_schulen_ausbildung_bildung","21_klima_klimaneutralit\u00e4t_k...","22_coronapandemie_schuldenb...","23_religionsgemeinschaften_...","24_koalitionspartner_koalit...","25_kultur_medien_kulturelle","26_jahren_gesellschaft_aufe...","27_digitale_digitalen_gesch...","28_gleichstellung_diskrimin...","29_kinder_kindergrundsicher...","30_ii_drohnen_sgb","31_fl\u00e4chen_pflanzenschutzmi..."],"z":[[1.0,0.7152009973715113,0.7198157297188224,0.7846506632230725,0.7466707709387569,0.7828204783261453,0.6513886883682992,0.7511939679150957,0.7079887691551332,0.7159259253345778,0.7776370098802782,0.6591145256232149,0.6246326519592807,0.563090346871933,0.740836463575605,0.5573740302737923,0.5795238058401665,0.6169291730077062,0.7603319134303785,0.6666617752933506,0.7542000000007094,0.7531087338520392,0.6175023107812462,0.7242050019481275,0.5111223244745433,0.7007382736101675,0.7617183995790581,0.6686159925363586,0.608073272027662,0.7227727496994295,0.7403174764677298,0.846594129427527],[0.7152009973715113,0.9999999999999997,0.8835972420104533,0.7480395104715664,0.67935364772734,0.7333397933519843,0.6777784304516028,0.7740956578903171,0.833986977317086,0.7849636280294562,0.8602208226100813,0.7674621325245199,0.7177891753204502,0.7255985525947369,0.8719103098179976,0.6053725722015151,0.6895161546967982,0.5997696832324146,0.8558068112413661,0.720971806483828,0.7791698829995002,0.635782403514363,0.6924692742607158,0.7584674379169642,0.6737794692395584,0.7342999342140479,0.8192665502658797,0.6368376501795905,0.6688337663761832,0.7837631228475314,0.8622631722547607,0.7836214484359652],[0.7198157297188224,0.8835972420104533,1.0000000000000004,0.7476970642608294,0.7934184103116116,0.7915316887601731,0.7246085670233865,0.8164810524348447,0.8564496066126559,0.8856890592237461,0.8237735967585315,0.7365769027181701,0.767190410550469,0.7894568077247966,0.8906951369546791,0.6489163211392268,0.8140196056152617,0.6566129168201694,0.8588998434581767,0.8228485653168615,0.8322478492652919,0.7207493938867513,0.7076258239370885,0.8208240587169182,0.7602566098356698,0.8209539459790689,0.8623694163418179,0.6742196199886252,0.7531451931806452,0.8157651856468809,0.8875370824652897,0.7905491015753099],[0.7846506632230725,0.7480395104715664,0.7476970642608294,1.0,0.8052358258240642,0.793398037117887,0.7057641058811046,0.754613011214065,0.7490278525007461,0.7852345160618147,0.8098651424823325,0.6922640504233317,0.7332060606390609,0.7179081021813765,0.7876592880967297,0.5407636900939601,0.7022543644170451,0.6577721357277226,0.7695384279173115,0.7290570907811146,0.7655487341229708,0.6980827148591633,0.6070377521849248,0.6950960539430486,0.5495511293373537,0.7001270725224691,0.812966481795083,0.7366120739801227,0.642426163026608,0.718921932638683,0.7741931128737083,0.735337171544487],[0.7466707709387569,0.67935364772734,0.7934184103116116,0.8052358258240642,1.0000000000000002,0.8922591107365023,0.7476127575275563,0.7584813212445597,0.7822906891461541,0.847412369117458,0.782555763021901,0.6637157265768276,0.7592974320357034,0.7044490179436312,0.7938330905451327,0.5482472795418949,0.7814624897037872,0.6647108771067254,0.7636520479144474,0.8038688668865624,0.817512760400344,0.7093533612376665,0.6032828546299285,0.7589013297983365,0.5812602747671779,0.8183355632672458,0.8178801537847533,0.7706412321576769,0.7071990556491735,0.7525536450777102,0.7676109710797168,0.7560375140647461],[0.7828204783261453,0.7333397933519843,0.7915316887601731,0.793398037117887,0.8922591107365023,0.9999999999999999,0.8468301323283438,0.8259263468401006,0.8195292463674076,0.8252139983594924,0.8455241180721677,0.7538078328919593,0.691631118126932,0.6938098049379064,0.807041005614128,0.519514320903236,0.6984718699688772,0.6841852299862684,0.8132128182220381,0.7849822673965323,0.920373668930373,0.672995640195773,0.6334296323619364,0.8478776530380463,0.5936054068457793,0.8919753745262009,0.8463854613439996,0.86211521338523,0.7391951279684373,0.8299237998013236,0.7989274411027566,0.8032563771305428],[0.6513886883682992,0.6777784304516028,0.7246085670233865,0.7057641058811046,0.7476127575275563,0.8468301323283438,1.0000000000000004,0.7100016610876562,0.7494358576169219,0.7294723478480907,0.7536465704620459,0.6462214544326113,0.6433011920752802,0.6341351154291985,0.7489556018413541,0.551914182112853,0.6110816274439207,0.60649526638722,0.7625046853046535,0.6736173999091241,0.776454624257557,0.6030866917918838,0.5925382641170123,0.6597366661954781,0.5503581160885442,0.7353964169012891,0.7526855778776252,0.9317152557466604,0.6236513020171086,0.7015733767205699,0.7376255313676509,0.6695736171497656],[0.7511939679150957,0.7740956578903171,0.8164810524348447,0.754613011214065,0.7584813212445597,0.8259263468401006,0.7100016610876562,0.9999999999999998,0.8608333105838188,0.8601441877804196,0.8299218477192347,0.7732966898765753,0.7550423061127288,0.7078179399602803,0.82924707192307,0.5913298281118706,0.728868830086774,0.6434184967917094,0.8842817586744136,0.7784561721832172,0.8550996233862985,0.6712203410241282,0.6756722708974722,0.8440234212400047,0.6264603551168169,0.8091902898444808,0.9225925632827633,0.6903965791622031,0.7878428853268411,0.9382972807848178,0.8725321911948141,0.8051849430511032],[0.7079887691551332,0.833986977317086,0.8564496066126559,0.7490278525007461,0.7822906891461541,0.8195292463674076,0.7494358576169219,0.8608333105838188,1.0000000000000004,0.872285295076902,0.8302282152481445,0.787045687901875,0.8458744105923346,0.722169917115265,0.8687019286955925,0.6632907281704321,0.7434744968091633,0.6661084339678326,0.9087470280992462,0.7728289118013492,0.8616385060740577,0.6758422246333315,0.7259104369532702,0.8069245501991114,0.6731125653271399,0.8146397306046007,0.8808727771047127,0.7115847337882848,0.7056845715187767,0.8562273075887172,0.8596574200242766,0.7803038199355548],[0.7159259253345778,0.7849636280294562,0.8856890592237461,0.7852345160618147,0.847412369117458,0.8252139983594924,0.7294723478480907,0.8601441877804196,0.872285295076902,1.0000000000000002,0.8320375320554413,0.7650821277267027,0.8436424251076151,0.7299683253462592,0.8881832699879733,0.6008695686580531,0.909953356526354,0.7154018131430051,0.846629536088888,0.8503245590604195,0.8627086815076882,0.7528204799512878,0.6877987946279837,0.8296884610865851,0.6954501850611177,0.8122906244232865,0.9094917165703467,0.7004318368172195,0.7473413496281179,0.8430366016284023,0.8601671190134444,0.7827248824975883],[0.7776370098802782,0.8602208226100813,0.8237735967585315,0.8098651424823325,0.782555763021901,0.8455241180721677,0.7536465704620459,0.8299218477192347,0.8302282152481445,0.8320375320554413,1.0,0.8191424148183835,0.7127357354446094,0.722450066360351,0.8462705441399692,0.5317125462897809,0.7094272389940279,0.6682522757916673,0.8437902939317271,0.7889433357569243,0.876649160675733,0.6832577469111999,0.7247483900393621,0.8073237517178017,0.6923991962088454,0.7531248518153333,0.8860741230066422,0.7432608541968138,0.6834345019041235,0.8311949034806081,0.868817143605279,0.8158027116645309],[0.6591145256232149,0.7674621325245199,0.7365769027181701,0.6922640504233317,0.6637157265768276,0.7538078328919593,0.6462214544326113,0.7732966898765753,0.787045687901875,0.7650821277267027,0.8191424148183835,0.9999999999999996,0.6413244481719923,0.7123400471619914,0.7559132410117311,0.4918801934660684,0.5948743610503581,0.6193167009984644,0.8331130125157455,0.6569056821831198,0.8364002420550125,0.5814854249723653,0.7245654935732133,0.7494907844452762,0.5709545036993094,0.6860548121514498,0.7971672474110596,0.5928826431857133,0.6768674808402798,0.8190977925276983,0.7923837820260785,0.7452630076923185],[0.6246326519592807,0.7177891753204502,0.767190410550469,0.7332060606390609,0.7592974320357034,0.691631118126932,0.6433011920752802,0.7550423061127288,0.8458744105923346,0.8436424251076151,0.7127357354446094,0.6413244481719923,1.0,0.6687540811692081,0.8048228440391978,0.6375257033581176,0.8041833591732924,0.6893535285271559,0.8105296930803645,0.730315462675574,0.715395649431715,0.6985501390723248,0.7261406677249884,0.6694099001875128,0.5922251035911206,0.6830620972807107,0.8066739130779566,0.6321987234761332,0.5947169267889127,0.7243089425868233,0.7805991798639136,0.6579556637854254],[0.563090346871933,0.7255985525947369,0.7894568077247966,0.7179081021813765,0.7044490179436312,0.6938098049379064,0.6341351154291985,0.7078179399602803,0.722169917115265,0.7299683253462592,0.722450066360351,0.7123400471619914,0.6687540811692081,1.0000000000000002,0.7651859669067935,0.5542736434195782,0.663035610734191,0.596261497959031,0.7796618532301808,0.7058720564955484,0.7479478841072983,0.5992822320658899,0.6137981687460335,0.6850853982897382,0.6216411050368704,0.6799886629897132,0.7299242025355277,0.566865212610532,0.6952997102249743,0.7269907897274133,0.7804431897736188,0.6477759993984148],[0.740836463575605,0.8719103098179976,0.8906951369546791,0.7876592880967297,0.7938330905451327,0.807041005614128,0.7489556018413541,0.82924707192307,0.8687019286955925,0.8881832699879733,0.8462705441399692,0.7559132410117311,0.8048228440391978,0.7651859669067935,1.0000000000000002,0.6589036978227771,0.7933197200026925,0.6570774041069319,0.8784737375664001,0.787592582510328,0.8418250957389829,0.7256412245670252,0.7244904965349076,0.7869418266992279,0.6914153198911729,0.7833435577441377,0.8773453691001298,0.6914677777183897,0.7722014897755975,0.8347366646481305,0.8928469585563452,0.8020093723111756],[0.5573740302737923,0.6053725722015151,0.6489163211392268,0.5407636900939601,0.5482472795418949,0.519514320903236,0.551914182112853,0.5913298281118706,0.6632907281704321,0.6008695686580531,0.5317125462897809,0.4918801934660684,0.6375257033581176,0.5542736434195782,0.6589036978227771,0.9999999999999996,0.48423313200802187,0.4947185435672092,0.7329069305624628,0.5336847270269577,0.5789802179227018,0.47671503775738705,0.5856111099108261,0.49601896308402377,0.4802498786237691,0.525596201780141,0.584524562305838,0.46362097177392714,0.49005800574288205,0.5644342149924726,0.6654709669751679,0.4869919985308776],[0.5795238058401665,0.6895161546967982,0.8140196056152617,0.7022543644170451,0.7814624897037872,0.6984718699688772,0.6110816274439207,0.728868830086774,0.7434744968091633,0.909953356526354,0.7094272389940279,0.5948743610503581,0.8041833591732924,0.663035610734191,0.7933197200026925,0.48423313200802187,0.9999999999999996,0.6651996839468064,0.6958389941891244,0.81199750586535,0.723086890672162,0.6708869904393833,0.561762952936123,0.7355394452993662,0.6525273648090111,0.7116875896789734,0.8139075610176523,0.5950228871592756,0.65574187611635,0.699529714207647,0.7417743795551427,0.6520236742277257],[0.6169291730077062,0.5997696832324146,0.6566129168201694,0.6577721357277226,0.6647108771067254,0.6841852299862684,0.60649526638722,0.6434184967917094,0.6661084339678326,0.7154018131430051,0.6682522757916673,0.6193167009984644,0.6893535285271559,0.596261497959031,0.6570774041069319,0.4947185435672092,0.6651996839468064,0.9999999999999996,0.6754243430626614,0.629490383631704,0.760076516200119,0.5225630481955794,0.5515247116146146,0.7081478165939205,0.5248277583456392,0.6170883737949919,0.6990798002663583,0.6122844888845757,0.5466625241892726,0.6125072044882607,0.6195930206206497,0.5640009977612176],[0.7603319134303785,0.8558068112413661,0.8588998434581767,0.7695384279173115,0.7636520479144474,0.8132128182220381,0.7625046853046535,0.8842817586744136,0.9087470280992462,0.846629536088888,0.8437902939317271,0.8331130125157455,0.8105296930803645,0.7796618532301808,0.8784737375664001,0.7329069305624628,0.6958389941891244,0.6754243430626614,1.0000000000000004,0.7617675224204017,0.8587271435966837,0.6991368128533211,0.7974111256199994,0.7842824124568707,0.6719093289510327,0.7602841028835958,0.8801935676619985,0.6937337716543952,0.7213983576750044,0.8741482726974472,0.8989284489136411,0.7880063738873575],[0.6666617752933506,0.720971806483828,0.8228485653168615,0.7290570907811146,0.8038688668865624,0.7849822673965323,0.6736173999091241,0.7784561721832172,0.7728289118013492,0.8503245590604195,0.7889433357569243,0.6569056821831198,0.730315462675574,0.7058720564955484,0.787592582510328,0.5336847270269577,0.81199750586535,0.629490383631704,0.7617675224204017,0.9999999999999998,0.7845043278848021,0.7102748026177039,0.6444505299181922,0.8017981395437388,0.7794117082174613,0.7682999475723225,0.8197113544948642,0.6815668673896683,0.695610404859905,0.7380713030014737,0.7913734220158679,0.7037972016081558],[0.7542000000007094,0.7791698829995002,0.8322478492652919,0.7655487341229708,0.817512760400344,0.920373668930373,0.776454624257557,0.8550996233862985,0.8616385060740577,0.8627086815076882,0.876649160675733,0.8364002420550125,0.715395649431715,0.7479478841072983,0.8418250957389829,0.5789802179227018,0.723086890672162,0.760076516200119,0.8587271435966837,0.7845043278848021,1.0000000000000007,0.6507789492674675,0.6821429020074832,0.8757348000321055,0.6379266579235549,0.8404446254289245,0.8734771701519357,0.7403215993862837,0.7762069071067165,0.8771972260674297,0.8338596051371683,0.7875676291368334],[0.7531087338520392,0.635782403514363,0.7207493938867513,0.6980827148591633,0.7093533612376665,0.672995640195773,0.6030866917918838,0.6712203410241282,0.6758422246333315,0.7528204799512878,0.6832577469111999,0.5814854249723653,0.6985501390723248,0.5992822320658899,0.7256412245670252,0.47671503775738705,0.6708869904393833,0.5225630481955794,0.6991368128533211,0.7102748026177039,0.6507789492674675,1.0,0.6166961681207593,0.6454099589758544,0.6148589822951885,0.6281069968920584,0.7249743672005367,0.5841877367608838,0.6000022614289818,0.6507670243174255,0.7351679807141301,0.7861581405815217],[0.6175023107812462,0.6924692742607158,0.7076258239370885,0.6070377521849248,0.6032828546299285,0.6334296323619364,0.5925382641170123,0.6756722708974722,0.7259104369532702,0.6877987946279837,0.7247483900393621,0.7245654935732133,0.7261406677249884,0.6137981687460335,0.7244904965349076,0.5856111099108261,0.561762952936123,0.5515247116146146,0.7974111256199994,0.6444505299181922,0.6821429020074832,0.6166961681207593,1.0000000000000002,0.6252140457670444,0.6117853908479446,0.571408709945962,0.7174703320529427,0.5485242369500629,0.5158986230083769,0.7078967260126061,0.7649115505594756,0.6205613683527121],[0.7242050019481275,0.7584674379169642,0.8208240587169182,0.6950960539430486,0.7589013297983365,0.8478776530380463,0.6597366661954781,0.8440234212400047,0.8069245501991114,0.8296884610865851,0.8073237517178017,0.7494907844452762,0.6694099001875128,0.6850853982897382,0.7869418266992279,0.49601896308402377,0.7355394452993662,0.7081478165939205,0.7842824124568707,0.8017981395437388,0.8757348000321055,0.6454099589758544,0.6252140457670444,1.0000000000000002,0.7110082347618769,0.852528718249479,0.8524063423944694,0.640583782427454,0.7753720157407973,0.8304198331544185,0.8026520893754316,0.7752917419817005],[0.5111223244745433,0.6737794692395584,0.7602566098356698,0.5495511293373537,0.5812602747671779,0.5936054068457793,0.5503581160885442,0.6264603551168169,0.6731125653271399,0.6954501850611177,0.6923991962088454,0.5709545036993094,0.5922251035911206,0.6216411050368704,0.6914153198911729,0.4802498786237691,0.6525273648090111,0.5248277583456392,0.6719093289510327,0.7794117082174613,0.6379266579235549,0.6148589822951885,0.6117853908479446,0.7110082347618769,1.0000000000000007,0.61307900590657,0.6771843348438722,0.5220148167348632,0.5519278143880391,0.6090336375712547,0.6985762933878795,0.5763636625845249],[0.7007382736101675,0.7342999342140479,0.8209539459790689,0.7001270725224691,0.8183355632672458,0.8919753745262009,0.7353964169012891,0.8091902898444808,0.8146397306046007,0.8122906244232865,0.7531248518153333,0.6860548121514498,0.6830620972807107,0.6799886629897132,0.7833435577441377,0.525596201780141,0.7116875896789734,0.6170883737949919,0.7602841028835958,0.7682999475723225,0.8404446254289245,0.6281069968920584,0.571408709945962,0.852528718249479,0.61307900590657,0.9999999999999998,0.81721368410438,0.7433495432349295,0.7626355437118721,0.794178004275846,0.768416453710139,0.7410838480672891],[0.7617183995790581,0.8192665502658797,0.8623694163418179,0.812966481795083,0.8178801537847533,0.8463854613439996,0.7526855778776252,0.9225925632827633,0.8808727771047127,0.9094917165703467,0.8860741230066422,0.7971672474110596,0.8066739130779566,0.7299242025355277,0.8773453691001298,0.584524562305838,0.8139075610176523,0.6990798002663583,0.8801935676619985,0.8197113544948642,0.8734771701519357,0.7249743672005367,0.7174703320529427,0.8524063423944694,0.6771843348438722,0.81721368410438,0.9999999999999998,0.7239197478260995,0.7748721232169897,0.8844167031739071,0.9029871351240977,0.8109826895758765],[0.6686159925363586,0.6368376501795905,0.6742196199886252,0.7366120739801227,0.7706412321576769,0.86211521338523,0.9317152557466604,0.6903965791622031,0.7115847337882848,0.7004318368172195,0.7432608541968138,0.5928826431857133,0.6321987234761332,0.566865212610532,0.6914677777183897,0.46362097177392714,0.5950228871592756,0.6122844888845757,0.6937337716543952,0.6815668673896683,0.7403215993862837,0.5841877367608838,0.5485242369500629,0.640583782427454,0.5220148167348632,0.7433495432349295,0.7239197478260995,1.0000000000000004,0.5585074479700108,0.6702415103059627,0.6679215785057533,0.656472928966382],[0.608073272027662,0.6688337663761832,0.7531451931806452,0.642426163026608,0.7071990556491735,0.7391951279684373,0.6236513020171086,0.7878428853268411,0.7056845715187767,0.7473413496281179,0.6834345019041235,0.6768674808402798,0.5947169267889127,0.6952997102249743,0.7722014897755975,0.49005800574288205,0.65574187611635,0.5466625241892726,0.7213983576750044,0.695610404859905,0.7762069071067165,0.6000022614289818,0.5158986230083769,0.7753720157407973,0.5519278143880391,0.7626355437118721,0.7748721232169897,0.5585074479700108,1.0000000000000002,0.7950544282506499,0.7746069193204577,0.6907739514601738],[0.7227727496994295,0.7837631228475314,0.8157651856468809,0.718921932638683,0.7525536450777102,0.8299237998013236,0.7015733767205699,0.9382972807848178,0.8562273075887172,0.8430366016284023,0.8311949034806081,0.8190977925276983,0.7243089425868233,0.7269907897274133,0.8347366646481305,0.5644342149924726,0.699529714207647,0.6125072044882607,0.8741482726974472,0.7380713030014737,0.8771972260674297,0.6507670243174255,0.7078967260126061,0.8304198331544185,0.6090336375712547,0.794178004275846,0.8844167031739071,0.6702415103059627,0.7950544282506499,0.9999999999999999,0.8733939517375512,0.789149476098217],[0.7403174764677298,0.8622631722547607,0.8875370824652897,0.7741931128737083,0.7676109710797168,0.7989274411027566,0.7376255313676509,0.8725321911948141,0.8596574200242766,0.8601671190134444,0.868817143605279,0.7923837820260785,0.7805991798639136,0.7804431897736188,0.8928469585563452,0.6654709669751679,0.7417743795551427,0.6195930206206497,0.8989284489136411,0.7913734220158679,0.8338596051371683,0.7351679807141301,0.7649115505594756,0.8026520893754316,0.6985762933878795,0.768416453710139,0.9029871351240977,0.6679215785057533,0.7746069193204577,0.8733939517375512,0.9999999999999998,0.7836573026311637],[0.846594129427527,0.7836214484359652,0.7905491015753099,0.735337171544487,0.7560375140647461,0.8032563771305428,0.6695736171497656,0.8051849430511032,0.7803038199355548,0.7827248824975883,0.8158027116645309,0.7452630076923185,0.6579556637854254,0.6477759993984148,0.8020093723111756,0.4869919985308776,0.6520236742277257,0.5640009977612176,0.7880063738873575,0.7037972016081558,0.7875676291368334,0.7861581405815217,0.6205613683527121,0.7752917419817005,0.5763636625845249,0.7410838480672891,0.8109826895758765,0.656472928966382,0.6907739514601738,0.789149476098217,0.7836573026311637,0.9999999999999989]],"type":"heatmap","xaxis":"x","yaxis":"y","hovertemplate":"x: %{x}<br>y: %{y}<br>Similarity Score: %{z}<extra></extra>"}],                        {"template":{"data":{"histogram2dcontour":[{"type":"histogram2dcontour","colorbar":{"outlinewidth":0,"ticks":""},"colorscale":[[0.0,"#0d0887"],[0.1111111111111111,"#46039f"],[0.2222222222222222,"#7201a8"],[0.3333333333333333,"#9c179e"],[0.4444444444444444,"#bd3786"],[0.5555555555555556,"#d8576b"],[0.6666666666666666,"#ed7953"],[0.7777777777777778,"#fb9f3a"],[0.8888888888888888,"#fdca26"],[1.0,"#f0f921"]]}],"choropleth":[{"type":"choropleth","colorbar":{"outlinewidth":0,"ticks":""}}],"histogram2d":[{"type":"histogram2d","colorbar":{"outlinewidth":0,"ticks":""},"colorscale":[[0.0,"#0d0887"],[0.1111111111111111,"#46039f"],[0.2222222222222222,"#7201a8"],[0.3333333333333333,"#9c179e"],[0.4444444444444444,"#bd3786"],[0.5555555555555556,"#d8576b"],[0.6666666666666666,"#ed7953"],[0.7777777777777778,"#fb9f3a"],[0.8888888888888888,"#fdca26"],[1.0,"#f0f921"]]}],"heatmap":[{"type":"heatmap","colorbar":{"outlinewidth":0,"ticks":""},"colorscale":[[0.0,"#0d0887"],[0.1111111111111111,"#46039f"],[0.2222222222222222,"#7201a8"],[0.3333333333333333,"#9c179e"],[0.4444444444444444,"#bd3786"],[0.5555555555555556,"#d8576b"],[0.6666666666666666,"#ed7953"],[0.7777777777777778,"#fb9f3a"],[0.8888888888888888,"#fdca26"],[1.0,"#f0f921"]]}],"heatmapgl":[{"type":"heatmapgl","colorbar":{"outlinewidth":0,"ticks":""},"colorscale":[[0.0,"#0d0887"],[0.1111111111111111,"#46039f"],[0.2222222222222222,"#7201a8"],[0.3333333333333333,"#9c179e"],[0.4444444444444444,"#bd3786"],[0.5555555555555556,"#d8576b"],[0.6666666666666666,"#ed7953"],[0.7777777777777778,"#fb9f3a"],[0.8888888888888888,"#fdca26"],[1.0,"#f0f921"]]}],"contourcarpet":[{"type":"contourcarpet","colorbar":{"outlinewidth":0,"ticks":""}}],"contour":[{"type":"contour","colorbar":{"outlinewidth":0,"ticks":""},"colorscale":[[0.0,"#0d0887"],[0.1111111111111111,"#46039f"],[0.2222222222222222,"#7201a8"],[0.3333333333333333,"#9c179e"],[0.4444444444444444,"#bd3786"],[0.5555555555555556,"#d8576b"],[0.6666666666666666,"#ed7953"],[0.7777777777777778,"#fb9f3a"],[0.8888888888888888,"#fdca26"],[1.0,"#f0f921"]]}],"surface":[{"type":"surface","colorbar":{"outlinewidth":0,"ticks":""},"colorscale":[[0.0,"#0d0887"],[0.1111111111111111,"#46039f"],[0.2222222222222222,"#7201a8"],[0.3333333333333333,"#9c179e"],[0.4444444444444444,"#bd3786"],[0.5555555555555556,"#d8576b"],[0.6666666666666666,"#ed7953"],[0.7777777777777778,"#fb9f3a"],[0.8888888888888888,"#fdca26"],[1.0,"#f0f921"]]}],"mesh3d":[{"type":"mesh3d","colorbar":{"outlinewidth":0,"ticks":""}}],"scatter":[{"fillpattern":{"fillmode":"overlay","size":10,"solidity":0.2},"type":"scatter"}],"parcoords":[{"type":"parcoords","line":{"colorbar":{"outlinewidth":0,"ticks":""}}}],"scatterpolargl":[{"type":"scatterpolargl","marker":{"colorbar":{"outlinewidth":0,"ticks":""}}}],"bar":[{"error_x":{"color":"#2a3f5f"},"error_y":{"color":"#2a3f5f"},"marker":{"line":{"color":"#E5ECF6","width":0.5},"pattern":{"fillmode":"overlay","size":10,"solidity":0.2}},"type":"bar"}],"scattergeo":[{"type":"scattergeo","marker":{"colorbar":{"outlinewidth":0,"ticks":""}}}],"scatterpolar":[{"type":"scatterpolar","marker":{"colorbar":{"outlinewidth":0,"ticks":""}}}],"histogram":[{"marker":{"pattern":{"fillmode":"overlay","size":10,"solidity":0.2}},"type":"histogram"}],"scattergl":[{"type":"scattergl","marker":{"colorbar":{"outlinewidth":0,"ticks":""}}}],"scatter3d":[{"type":"scatter3d","line":{"colorbar":{"outlinewidth":0,"ticks":""}},"marker":{"colorbar":{"outlinewidth":0,"ticks":""}}}],"scattermapbox":[{"type":"scattermapbox","marker":{"colorbar":{"outlinewidth":0,"ticks":""}}}],"scatterternary":[{"type":"scatterternary","marker":{"colorbar":{"outlinewidth":0,"ticks":""}}}],"scattercarpet":[{"type":"scattercarpet","marker":{"colorbar":{"outlinewidth":0,"ticks":""}}}],"carpet":[{"aaxis":{"endlinecolor":"#2a3f5f","gridcolor":"white","linecolor":"white","minorgridcolor":"white","startlinecolor":"#2a3f5f"},"baxis":{"endlinecolor":"#2a3f5f","gridcolor":"white","linecolor":"white","minorgridcolor":"white","startlinecolor":"#2a3f5f"},"type":"carpet"}],"table":[{"cells":{"fill":{"color":"#EBF0F8"},"line":{"color":"white"}},"header":{"fill":{"color":"#C8D4E3"},"line":{"color":"white"}},"type":"table"}],"barpolar":[{"marker":{"line":{"color":"#E5ECF6","width":0.5},"pattern":{"fillmode":"overlay","size":10,"solidity":0.2}},"type":"barpolar"}],"pie":[{"automargin":true,"type":"pie"}]},"layout":{"autotypenumbers":"strict","colorway":["#636efa","#EF553B","#00cc96","#ab63fa","#FFA15A","#19d3f3","#FF6692","#B6E880","#FF97FF","#FECB52"],"font":{"color":"#2a3f5f"},"hovermode":"closest","hoverlabel":{"align":"left"},"paper_bgcolor":"white","plot_bgcolor":"#E5ECF6","polar":{"bgcolor":"#E5ECF6","angularaxis":{"gridcolor":"white","linecolor":"white","ticks":""},"radialaxis":{"gridcolor":"white","linecolor":"white","ticks":""}},"ternary":{"bgcolor":"#E5ECF6","aaxis":{"gridcolor":"white","linecolor":"white","ticks":""},"baxis":{"gridcolor":"white","linecolor":"white","ticks":""},"caxis":{"gridcolor":"white","linecolor":"white","ticks":""}},"coloraxis":{"colorbar":{"outlinewidth":0,"ticks":""}},"colorscale":{"sequential":[[0.0,"#0d0887"],[0.1111111111111111,"#46039f"],[0.2222222222222222,"#7201a8"],[0.3333333333333333,"#9c179e"],[0.4444444444444444,"#bd3786"],[0.5555555555555556,"#d8576b"],[0.6666666666666666,"#ed7953"],[0.7777777777777778,"#fb9f3a"],[0.8888888888888888,"#fdca26"],[1.0,"#f0f921"]],"sequentialminus":[[0.0,"#0d0887"],[0.1111111111111111,"#46039f"],[0.2222222222222222,"#7201a8"],[0.3333333333333333,"#9c179e"],[0.4444444444444444,"#bd3786"],[0.5555555555555556,"#d8576b"],[0.6666666666666666,"#ed7953"],[0.7777777777777778,"#fb9f3a"],[0.8888888888888888,"#fdca26"],[1.0,"#f0f921"]],"diverging":[[0,"#8e0152"],[0.1,"#c51b7d"],[0.2,"#de77ae"],[0.3,"#f1b6da"],[0.4,"#fde0ef"],[0.5,"#f7f7f7"],[0.6,"#e6f5d0"],[0.7,"#b8e186"],[0.8,"#7fbc41"],[0.9,"#4d9221"],[1,"#276419"]]},"xaxis":{"gridcolor":"white","linecolor":"white","ticks":"","title":{"standoff":15},"zerolinecolor":"white","automargin":true,"zerolinewidth":2},"yaxis":{"gridcolor":"white","linecolor":"white","ticks":"","title":{"standoff":15},"zerolinecolor":"white","automargin":true,"zerolinewidth":2},"scene":{"xaxis":{"backgroundcolor":"#E5ECF6","gridcolor":"white","linecolor":"white","showbackground":true,"ticks":"","zerolinecolor":"white","gridwidth":2},"yaxis":{"backgroundcolor":"#E5ECF6","gridcolor":"white","linecolor":"white","showbackground":true,"ticks":"","zerolinecolor":"white","gridwidth":2},"zaxis":{"backgroundcolor":"#E5ECF6","gridcolor":"white","linecolor":"white","showbackground":true,"ticks":"","zerolinecolor":"white","gridwidth":2}},"shapedefaults":{"line":{"color":"#2a3f5f"}},"annotationdefaults":{"arrowcolor":"#2a3f5f","arrowhead":0,"arrowwidth":1},"geo":{"bgcolor":"white","landcolor":"#E5ECF6","subunitcolor":"white","showland":true,"showlakes":true,"lakecolor":"white"},"title":{"x":0.05},"mapbox":{"style":"light"}}},"xaxis":{"anchor":"y","domain":[0.0,1.0],"scaleanchor":"y","constrain":"domain"},"yaxis":{"anchor":"x","domain":[0.0,1.0],"autorange":"reversed","constrain":"domain"},"coloraxis":{"colorbar":{"title":{"text":"Similarity Score"}},"colorscale":[[0.0,"rgb(247,252,240)"],[0.125,"rgb(224,243,219)"],[0.25,"rgb(204,235,197)"],[0.375,"rgb(168,221,181)"],[0.5,"rgb(123,204,196)"],[0.625,"rgb(78,179,211)"],[0.75,"rgb(43,140,190)"],[0.875,"rgb(8,104,172)"],[1.0,"rgb(8,64,129)"]]},"margin":{"t":60},"title":{"text":"de_regierung__n_neighbors = 7 min_dist = 0.0 min_cluster = 10 min_sample = 2"},"hoverlabel":{"font":{"size":16,"family":"Rockwell"},"bgcolor":"white"},"width":800,"height":800,"showlegend":true,"legend":{"title":{"text":"Trend"}}},                        {"responsive": true}                    )                };                            </script>        </div><div>                        <script type="text/javascript">window.PlotlyConfig = {MathJaxConfig: 'local'};</script>
