<div>                        <script type="text/javascript">window.PlotlyConfig = {MathJaxConfig: 'local'};</script>
        <script src="https://cdn.plot.ly/plotly-2.18.0.min.js"></script>                <div id="5f02a5ac-a3e0-4858-8172-6c0b38659ade" class="plotly-graph-div" style="height:800px; width:800px;"></div>            <script type="text/javascript">                                    window.PLOTLYENV=window.PLOTLYENV || {};                                    if (document.getElementById("5f02a5ac-a3e0-4858-8172-6c0b38659ade")) {                    Plotly.newPlot(                        "5f02a5ac-a3e0-4858-8172-6c0b38659ade",                        [{"coloraxis":"coloraxis","name":"0","x":["0_kinder_f\u00f6rdern_bildung","1_energien_ausbau_erneuerba...","2_digitale_digitalisierung_...","3_europ\u00e4ischen_eu_setzen","4_mobilit\u00e4t_fahrzeuge_elekt...","5_region_freiheit_sicherheit","6_steuerhinterziehung_eigen...","7_innovation_transformation...","8_st\u00e4rken_polizei_einsatz","9_drohnen_einschlie\u00dflich_cl...","10_migration_asylverfahren_...","11_bafin_geldw\u00e4sche_europ\u00e4i...","12_pr\u00fcfen_altersvorsorge_pr...","13_fairen_wettbewerb_gwb","14_industrie_wirtschaft_woh...","15_koalitionspartner_bundes...","16_arbeitgeber_arbeit_betri...","17_coronapandemie_schuldenb...","18_fl\u00e4chen_st\u00e4rken_arzneimi...","19_kommunen_f\u00f6rderprogramme..."],"y":["0_kinder_f\u00f6rdern_bildung","1_energien_ausbau_erneuerba...","2_digitale_digitalisierung_...","3_europ\u00e4ischen_eu_setzen","4_mobilit\u00e4t_fahrzeuge_elekt...","5_region_freiheit_sicherheit","6_steuerhinterziehung_eigen...","7_innovation_transformation...","8_st\u00e4rken_polizei_einsatz","9_drohnen_einschlie\u00dflich_cl...","10_migration_asylverfahren_...","11_bafin_geldw\u00e4sche_europ\u00e4i...","12_pr\u00fcfen_altersvorsorge_pr...","13_fairen_wettbewerb_gwb","14_industrie_wirtschaft_woh...","15_koalitionspartner_bundes...","16_arbeitgeber_arbeit_betri...","17_coronapandemie_schuldenb...","18_fl\u00e4chen_st\u00e4rken_arzneimi...","19_kommunen_f\u00f6rderprogramme..."],"z":[[1.0000000000000007,0.8005861905209269,0.7402344284954905,0.7870727076320168,0.7578892356594776,0.8494750232072743,0.6515400572779283,0.8263287490736122,0.8703877789219318,0.9303836178249649,0.7419344363475482,0.8005571403718559,0.8334544496070502,0.8537379932304903,0.8027215925461633,0.6169396890993963,0.7185729799076576,0.7277461136482615,0.8691705524800221,0.919474677857284],[0.8005861905209269,0.9999999999999993,0.6503323153349129,0.6201946267422305,0.7038961093633544,0.7149391443084097,0.6334212625584855,0.7069445307587158,0.738984415033243,0.7560081370621284,0.5753600468132879,0.6503630550517728,0.6974581048994687,0.733023214163514,0.8338996537824725,0.5093232718390018,0.6509048660753588,0.6347509329132862,0.765989208817717,0.7688706072297009],[0.7402344284954905,0.6503323153349129,0.9999999999999997,0.64844821909975,0.7349566665822151,0.702165179830089,0.5589871849948287,0.7364746170108526,0.6808235845830038,0.749465686133229,0.5942280502063234,0.6515778719130267,0.7277311062393115,0.73459442748909,0.7072383570478806,0.5043892536347331,0.5935648626900797,0.5797675644476402,0.7098368922291726,0.7681972029269474],[0.7870727076320168,0.6201946267422305,0.64844821909975,1.0000000000000004,0.7220620862525899,0.8453370108819553,0.5946211571238824,0.797312145122626,0.7621879350498969,0.7824017149445764,0.6983314509805313,0.8601772872656724,0.7507042554503394,0.7517006700634412,0.7664214091266387,0.6217961706490903,0.6109724632916267,0.6328738091006749,0.7761702868881537,0.809518696364694],[0.7578892356594776,0.7038961093633544,0.7349566665822151,0.7220620862525899,1.0,0.7364024804401232,0.5913601118227103,0.7562170009987249,0.7405417992260764,0.7307646822352356,0.739941702526766,0.6857744139060304,0.7170501773458178,0.7067300447067083,0.7440251289839868,0.47641412328191246,0.6137711339709506,0.5880540370615666,0.7352671482450801,0.8165667083952726],[0.8494750232072743,0.7149391443084097,0.702165179830089,0.8453370108819553,0.7364024804401232,0.9999999999999998,0.6930260783990986,0.7708953663637272,0.8611415413774689,0.8588338657739457,0.7783937696815497,0.7968259784828576,0.8358464006573508,0.8265840134834216,0.7953263784635745,0.7430647769337766,0.6453142643277294,0.7306715124755139,0.8570538553940059,0.8870511346000879],[0.6515400572779283,0.6334212625584855,0.5589871849948287,0.5946211571238824,0.5913601118227103,0.6930260783990986,1.0000000000000007,0.5905600595490423,0.6750434850277174,0.6870737118634282,0.5740040311241893,0.6811017359687266,0.792474654817651,0.7136133217989162,0.6912074438394394,0.5094088921312053,0.5368277016718411,0.6481771452888292,0.6221746236392578,0.6966175129403159],[0.8263287490736122,0.7069445307587158,0.7364746170108526,0.797312145122626,0.7562170009987249,0.7708953663637272,0.5905600595490423,0.9999999999999997,0.7513226293362587,0.8086432131362544,0.7548797817966582,0.8192465016570193,0.7501724049973229,0.7432164329288165,0.8265492241572056,0.5658541416511139,0.6492696675145024,0.6169004189521446,0.7697561320546447,0.8072370031237536],[0.8703877789219318,0.738984415033243,0.6808235845830038,0.7621879350498969,0.7405417992260764,0.8611415413774689,0.6750434850277174,0.7513226293362587,1.0,0.8927258776512499,0.7791765022577652,0.7678745811458889,0.8303851215985804,0.8354759319430305,0.7673307984429563,0.6275924811652928,0.6463301145379309,0.7294224739798687,0.8438501506844941,0.8657125612660264],[0.9303836178249649,0.7560081370621284,0.749465686133229,0.7824017149445764,0.7307646822352356,0.8588338657739457,0.6870737118634282,0.8086432131362544,0.8927258776512499,0.9999999999999998,0.7374983151959864,0.8080051294836671,0.8377834884886524,0.8311595546490386,0.7767043414110661,0.6662154169050274,0.6554222388500519,0.770291728031516,0.8614277473810672,0.9025416443444944],[0.7419344363475482,0.5753600468132879,0.5942280502063234,0.6983314509805313,0.739941702526766,0.7783937696815497,0.5740040311241893,0.7548797817966582,0.7791765022577652,0.7374983151959864,0.9999999999999998,0.6842444166518976,0.7298183910465567,0.674198304856053,0.6778550350293189,0.5982813445272963,0.6031777277254046,0.6474588491734313,0.7237102799638906,0.7652075029615272],[0.8005571403718559,0.6503630550517728,0.6515778719130267,0.8601772872656724,0.6857744139060304,0.7968259784828576,0.6811017359687266,0.8192465016570193,0.7678745811458889,0.8080051294836671,0.6842444166518976,0.9999999999999996,0.842525181873565,0.8008844784176918,0.8057782518154645,0.5974822213336811,0.6512814654405015,0.7208465798796284,0.7533140036030769,0.8022910477593945],[0.8334544496070502,0.6974581048994687,0.7277311062393115,0.7507042554503394,0.7170501773458178,0.8358464006573508,0.792474654817651,0.7501724049973229,0.8303851215985804,0.8377834884886524,0.7298183910465567,0.842525181873565,1.0000000000000004,0.8482142591896442,0.782900783074175,0.608162092987107,0.644275213558019,0.7816194800011806,0.8134598014699981,0.8658628398845749],[0.8537379932304903,0.733023214163514,0.73459442748909,0.7517006700634412,0.7067300447067083,0.8265840134834216,0.7136133217989162,0.7432164329288165,0.8354759319430305,0.8311595546490386,0.674198304856053,0.8008844784176918,0.8482142591896442,0.9999999999999997,0.8282983867372231,0.6022829866366011,0.653504955843566,0.7097619881972909,0.8215983138225491,0.8375497290269887],[0.8027215925461633,0.8338996537824725,0.7072383570478806,0.7664214091266387,0.7440251289839868,0.7953263784635745,0.6912074438394394,0.8265492241572056,0.7673307984429563,0.7767043414110661,0.6778550350293189,0.8057782518154645,0.782900783074175,0.8282983867372231,0.9999999999999999,0.5886206955814468,0.680918252655528,0.6933746137429212,0.8249335685206557,0.81247511942454],[0.6169396890993963,0.5093232718390018,0.5043892536347331,0.6217961706490903,0.47641412328191246,0.7430647769337766,0.5094088921312053,0.5658541416511139,0.6275924811652928,0.6662154169050274,0.5982813445272963,0.5974822213336811,0.608162092987107,0.6022829866366011,0.5886206955814468,1.0000000000000004,0.49991846100934545,0.6217507021073951,0.6047053727661421,0.695555987164536],[0.7185729799076576,0.6509048660753588,0.5935648626900797,0.6109724632916267,0.6137711339709506,0.6453142643277294,0.5368277016718411,0.6492696675145024,0.6463301145379309,0.6554222388500519,0.6031777277254046,0.6512814654405015,0.644275213558019,0.653504955843566,0.680918252655528,0.49991846100934545,0.9999999999999994,0.5463041232102716,0.602292488628753,0.6975613941013624],[0.7277461136482615,0.6347509329132862,0.5797675644476402,0.6328738091006749,0.5880540370615666,0.7306715124755139,0.6481771452888292,0.6169004189521446,0.7294224739798687,0.770291728031516,0.6474588491734313,0.7208465798796284,0.7816194800011806,0.7097619881972909,0.6933746137429212,0.6217507021073951,0.5463041232102716,0.9999999999999996,0.7275562193416855,0.7667203247950674],[0.8691705524800221,0.765989208817717,0.7098368922291726,0.7761702868881537,0.7352671482450801,0.8570538553940059,0.6221746236392578,0.7697561320546447,0.8438501506844941,0.8614277473810672,0.7237102799638906,0.7533140036030769,0.8134598014699981,0.8215983138225491,0.8249335685206557,0.6047053727661421,0.602292488628753,0.7275562193416855,1.0,0.86792948365049],[0.919474677857284,0.7688706072297009,0.7681972029269474,0.809518696364694,0.8165667083952726,0.8870511346000879,0.6966175129403159,0.8072370031237536,0.8657125612660264,0.9025416443444944,0.7652075029615272,0.8022910477593945,0.8658628398845749,0.8375497290269887,0.81247511942454,0.695555987164536,0.6975613941013624,0.7667203247950674,0.86792948365049,0.9999999999999999]],"type":"heatmap","xaxis":"x","yaxis":"y","hovertemplate":"x: %{x}<br>y: %{y}<br>Similarity Score: %{z}<extra></extra>"}],                        {"template":{"data":{"histogram2dcontour":[{"type":"histogram2dcontour","colorbar":{"outlinewidth":0,"ticks":""},"colorscale":[[0.0,"#0d0887"],[0.1111111111111111,"#46039f"],[0.2222222222222222,"#7201a8"],[0.3333333333333333,"#9c179e"],[0.4444444444444444,"#bd3786"],[0.5555555555555556,"#d8576b"],[0.6666666666666666,"#ed7953"],[0.7777777777777778,"#fb9f3a"],[0.8888888888888888,"#fdca26"],[1.0,"#f0f921"]]}],"choropleth":[{"type":"choropleth","colorbar":{"outlinewidth":0,"ticks":""}}],"histogram2d":[{"type":"histogram2d","colorbar":{"outlinewidth":0,"ticks":""},"colorscale":[[0.0,"#0d0887"],[0.1111111111111111,"#46039f"],[0.2222222222222222,"#7201a8"],[0.3333333333333333,"#9c179e"],[0.4444444444444444,"#bd3786"],[0.5555555555555556,"#d8576b"],[0.6666666666666666,"#ed7953"],[0.7777777777777778,"#fb9f3a"],[0.8888888888888888,"#fdca26"],[1.0,"#f0f921"]]}],"heatmap":[{"type":"heatmap","colorbar":{"outlinewidth":0,"ticks":""},"colorscale":[[0.0,"#0d0887"],[0.1111111111111111,"#46039f"],[0.2222222222222222,"#7201a8"],[0.3333333333333333,"#9c179e"],[0.4444444444444444,"#bd3786"],[0.5555555555555556,"#d8576b"],[0.6666666666666666,"#ed7953"],[0.7777777777777778,"#fb9f3a"],[0.8888888888888888,"#fdca26"],[1.0,"#f0f921"]]}],"heatmapgl":[{"type":"heatmapgl","colorbar":{"outlinewidth":0,"ticks":""},"colorscale":[[0.0,"#0d0887"],[0.1111111111111111,"#46039f"],[0.2222222222222222,"#7201a8"],[0.3333333333333333,"#9c179e"],[0.4444444444444444,"#bd3786"],[0.5555555555555556,"#d8576b"],[0.6666666666666666,"#ed7953"],[0.7777777777777778,"#fb9f3a"],[0.8888888888888888,"#fdca26"],[1.0,"#f0f921"]]}],"contourcarpet":[{"type":"contourcarpet","colorbar":{"outlinewidth":0,"ticks":""}}],"contour":[{"type":"contour","colorbar":{"outlinewidth":0,"ticks":""},"colorscale":[[0.0,"#0d0887"],[0.1111111111111111,"#46039f"],[0.2222222222222222,"#7201a8"],[0.3333333333333333,"#9c179e"],[0.4444444444444444,"#bd3786"],[0.5555555555555556,"#d8576b"],[0.6666666666666666,"#ed7953"],[0.7777777777777778,"#fb9f3a"],[0.8888888888888888,"#fdca26"],[1.0,"#f0f921"]]}],"surface":[{"type":"surface","colorbar":{"outlinewidth":0,"ticks":""},"colorscale":[[0.0,"#0d0887"],[0.1111111111111111,"#46039f"],[0.2222222222222222,"#7201a8"],[0.3333333333333333,"#9c179e"],[0.4444444444444444,"#bd3786"],[0.5555555555555556,"#d8576b"],[0.6666666666666666,"#ed7953"],[0.7777777777777778,"#fb9f3a"],[0.8888888888888888,"#fdca26"],[1.0,"#f0f921"]]}],"mesh3d":[{"type":"mesh3d","colorbar":{"outlinewidth":0,"ticks":""}}],"scatter":[{"fillpattern":{"fillmode":"overlay","size":10,"solidity":0.2},"type":"scatter"}],"parcoords":[{"type":"parcoords","line":{"colorbar":{"outlinewidth":0,"ticks":""}}}],"scatterpolargl":[{"type":"scatterpolargl","marker":{"colorbar":{"outlinewidth":0,"ticks":""}}}],"bar":[{"error_x":{"color":"#2a3f5f"},"error_y":{"color":"#2a3f5f"},"marker":{"line":{"color":"#E5ECF6","width":0.5},"pattern":{"fillmode":"overlay","size":10,"solidity":0.2}},"type":"bar"}],"scattergeo":[{"type":"scattergeo","marker":{"colorbar":{"outlinewidth":0,"ticks":""}}}],"scatterpolar":[{"type":"scatterpolar","marker":{"colorbar":{"outlinewidth":0,"ticks":""}}}],"histogram":[{"marker":{"pattern":{"fillmode":"overlay","size":10,"solidity":0.2}},"type":"histogram"}],"scattergl":[{"type":"scattergl","marker":{"colorbar":{"outlinewidth":0,"ticks":""}}}],"scatter3d":[{"type":"scatter3d","line":{"colorbar":{"outlinewidth":0,"ticks":""}},"marker":{"colorbar":{"outlinewidth":0,"ticks":""}}}],"scattermapbox":[{"type":"scattermapbox","marker":{"colorbar":{"outlinewidth":0,"ticks":""}}}],"scatterternary":[{"type":"scatterternary","marker":{"colorbar":{"outlinewidth":0,"ticks":""}}}],"scattercarpet":[{"type":"scattercarpet","marker":{"colorbar":{"outlinewidth":0,"ticks":""}}}],"carpet":[{"aaxis":{"endlinecolor":"#2a3f5f","gridcolor":"white","linecolor":"white","minorgridcolor":"white","startlinecolor":"#2a3f5f"},"baxis":{"endlinecolor":"#2a3f5f","gridcolor":"white","linecolor":"white","minorgridcolor":"white","startlinecolor":"#2a3f5f"},"type":"carpet"}],"table":[{"cells":{"fill":{"color":"#EBF0F8"},"line":{"color":"white"}},"header":{"fill":{"color":"#C8D4E3"},"line":{"color":"white"}},"type":"table"}],"barpolar":[{"marker":{"line":{"color":"#E5ECF6","width":0.5},"pattern":{"fillmode":"overlay","size":10,"solidity":0.2}},"type":"barpolar"}],"pie":[{"automargin":true,"type":"pie"}]},"layout":{"autotypenumbers":"strict","colorway":["#636efa","#EF553B","#00cc96","#ab63fa","#FFA15A","#19d3f3","#FF6692","#B6E880","#FF97FF","#FECB52"],"font":{"color":"#2a3f5f"},"hovermode":"closest","hoverlabel":{"align":"left"},"paper_bgcolor":"white","plot_bgcolor":"#E5ECF6","polar":{"bgcolor":"#E5ECF6","angularaxis":{"gridcolor":"white","linecolor":"white","ticks":""},"radialaxis":{"gridcolor":"white","linecolor":"white","ticks":""}},"ternary":{"bgcolor":"#E5ECF6","aaxis":{"gridcolor":"white","linecolor":"white","ticks":""},"baxis":{"gridcolor":"white","linecolor":"white","ticks":""},"caxis":{"gridcolor":"white","linecolor":"white","ticks":""}},"coloraxis":{"colorbar":{"outlinewidth":0,"ticks":""}},"colorscale":{"sequential":[[0.0,"#0d0887"],[0.1111111111111111,"#46039f"],[0.2222222222222222,"#7201a8"],[0.3333333333333333,"#9c179e"],[0.4444444444444444,"#bd3786"],[0.5555555555555556,"#d8576b"],[0.6666666666666666,"#ed7953"],[0.7777777777777778,"#fb9f3a"],[0.8888888888888888,"#fdca26"],[1.0,"#f0f921"]],"sequentialminus":[[0.0,"#0d0887"],[0.1111111111111111,"#46039f"],[0.2222222222222222,"#7201a8"],[0.3333333333333333,"#9c179e"],[0.4444444444444444,"#bd3786"],[0.5555555555555556,"#d8576b"],[0.6666666666666666,"#ed7953"],[0.7777777777777778,"#fb9f3a"],[0.8888888888888888,"#fdca26"],[1.0,"#f0f921"]],"diverging":[[0,"#8e0152"],[0.1,"#c51b7d"],[0.2,"#de77ae"],[0.3,"#f1b6da"],[0.4,"#fde0ef"],[0.5,"#f7f7f7"],[0.6,"#e6f5d0"],[0.7,"#b8e186"],[0.8,"#7fbc41"],[0.9,"#4d9221"],[1,"#276419"]]},"xaxis":{"gridcolor":"white","linecolor":"white","ticks":"","title":{"standoff":15},"zerolinecolor":"white","automargin":true,"zerolinewidth":2},"yaxis":{"gridcolor":"white","linecolor":"white","ticks":"","title":{"standoff":15},"zerolinecolor":"white","automargin":true,"zerolinewidth":2},"scene":{"xaxis":{"backgroundcolor":"#E5ECF6","gridcolor":"white","linecolor":"white","showbackground":true,"ticks":"","zerolinecolor":"white","gridwidth":2},"yaxis":{"backgroundcolor":"#E5ECF6","gridcolor":"white","linecolor":"white","showbackground":true,"ticks":"","zerolinecolor":"white","gridwidth":2},"zaxis":{"backgroundcolor":"#E5ECF6","gridcolor":"white","linecolor":"white","showbackground":true,"ticks":"","zerolinecolor":"white","gridwidth":2}},"shapedefaults":{"line":{"color":"#2a3f5f"}},"annotationdefaults":{"arrowcolor":"#2a3f5f","arrowhead":0,"arrowwidth":1},"geo":{"bgcolor":"white","landcolor":"#E5ECF6","subunitcolor":"white","showland":true,"showlakes":true,"lakecolor":"white"},"title":{"x":0.05},"mapbox":{"style":"light"}}},"xaxis":{"anchor":"y","domain":[0.0,1.0],"scaleanchor":"y","constrain":"domain"},"yaxis":{"anchor":"x","domain":[0.0,1.0],"autorange":"reversed","constrain":"domain"},"coloraxis":{"colorbar":{"title":{"text":"Similarity Score"}},"colorscale":[[0.0,"rgb(247,252,240)"],[0.125,"rgb(224,243,219)"],[0.25,"rgb(204,235,197)"],[0.375,"rgb(168,221,181)"],[0.5,"rgb(123,204,196)"],[0.625,"rgb(78,179,211)"],[0.75,"rgb(43,140,190)"],[0.875,"rgb(8,104,172)"],[1.0,"rgb(8,64,129)"]]},"margin":{"t":60},"title":{"text":"de_regierung__n_neighbors = 5 min_dist = 0.1 min_cluster = 15 min_sample = 3"},"hoverlabel":{"font":{"size":16,"family":"Rockwell"},"bgcolor":"white"},"width":800,"height":800,"showlegend":true,"legend":{"title":{"text":"Trend"}}},                        {"responsive": true}                    )                };                            </script>        </div><div>                        <script type="text/javascript">window.PlotlyConfig = {MathJaxConfig: 'local'};</script>
        <script src="https://cdn.plot.ly/plotly-2.18.0.min.js"></script>                <div id="cc0de4f5-f5f6-4e1d-88ab-0f74a997dfce" class="plotly-graph-div" style="height:750px; width:1200px;"></div>            <script type="text/javascript">                                    window.PLOTLYENV=window.PLOTLYENV || {};                                    if (document.getElementById("cc0de4f5-f5f6-4e1d-88ab-0f74a997dfce")) {                    Plotly.newPlot(                        "cc0de4f5-f5f6-4e1d-88ab-0f74a997dfce",                        [{"hoverinfo":"text","hovertext":["die kapazit\u00e4ten f\u00fcr windenergie auf see werden wir auf mindestens  gw   gw  und   gw  erheblich steigern dazu werden wir entsprechende fl\u00e4chen in der au\u00dfenwirtschaftszone  sichern offshoreanlagen sollen priorit\u00e4t gegen\u00fcber anderen nutzungsformen genie\u00dfen auch in der  konutzung sehen wir eine m\u00f6glichkeit f\u00fcr einen besseren interessenausgleich wir treiben  europ\u00e4ische offshorekooperationen weiter voran und st\u00e4rken grenz\u00fcberschreitende projekte in  nord und ostsee","vergabe und ausrichtung von internationalen sportgro\u00dfveranstaltungen sollen strikt an die beachtung  der unleitprinzipien f\u00fcr wirtschaft und menschenrechte und nachhaltigkeit gekn\u00fcpft sein wir  werden die special olympics  in berlin und die fu\u00dfballeuropameisterschaft der m\u00e4nner   sowie zuk\u00fcnftige bewerbungen f\u00fcr sportgro\u00dfveranstaltungen aus deutschland wie olympische und  paralympische spiele unterst\u00fctzen die von diesen grunds\u00e4tzen getragen sind und die bev\u00f6lkerung  rechtzeitig einbeziehen","zur verbindlichen und langfristig angelegten st\u00e4rkung der zivilgesellschaft werden wir bis  nach  breiter beteiligung ein demokratief\u00f6rdergesetz einbringen damit st\u00e4rken wir die zivilgesellschaftliche  beratungs pr\u00e4ventions und ausstiegsarbeit sowie das empowerment von betroffenengruppen und  werden sie vor angriffen sch\u00fctzen","wir wollen die erweiterte verlustverrechnung zeitlich bis ende  verl\u00e4ngern und den  verlustvortrag auf die zwei unmittelbar vorangegangenen veranlagungszeitr\u00e4ume ausweiten","sozial gerechte energiepreise  um  auch angesichts h\u00f6herer co preiskomponenten  f\u00fcr sozial gerechte und f\u00fcr die wirtschaft  wettbewerbsf\u00e4hige energiepreise zu sorgen werden wir die finanzierung der eegumlage \u00fcber den  strompreis beenden wir werden sie daher zum  januar  in den haushalt \u00fcbernehmen die  finanzierung \u00fcbernimmt der ekf der aus den einnahmen der emissionshandelssysteme behg und  ets und einem zuschuss aus dem bundeshaushalt gespeist wird der ekf wird in der lage sein die  finanzierung der n\u00f6tigen klimaschutzma\u00dfnahmen und der eegumlage zu stemmen mit der  vollendung des kohleausstieges werden wir die f\u00f6rderung der erneuerbaren energien auslaufen  lassen im rahmen dieser \u00e4nderungen werden alle ausnahmen von eegumlage und energiesteuern  sowie die kompensationsregelungen \u00fcberpr\u00fcft und angepasst ziel ist es steuerbeg\u00fcnstigungen  abzubauen die sich auf die wirtschaftliche nutzung von strom beziehen und dabei die entlastung  durch den wegfall der eegumlage zu ber\u00fccksichtigen die unternehmen sollen dadurch insgesamt  nicht mehr belastet werden","wir stehen zum bonnberlingesetz hierzu wird der bund mit der region bonn sowie den l\u00e4ndern  nordrheinwestfalen und rheinlandpfalz eine vertragliche zusatzvereinbarung abschlie\u00dfen","wohnen ist ein grundbed\u00fcrfnis wir werden dazu beitragen dass ausreichend wohnraum geschaffen  wird und das bauen und wohnen der zukunft bezahlbar klimaneutral und barrierearm wird wichtig  f\u00fcr das wohnumfeld sind lebendige \u00f6ffentliche r\u00e4ume","wir werden die l\u00e4nder zu gespr\u00e4chen dar\u00fcber einladen wie der bund sie bei der umsetzung der in  der klimarahmenkonvention verankerten klimabildung am besten unterst\u00fctzen kann","                                                                                                                                                                                                                                                                                                                                        bev\u00f6lkerungsschutz  der bund muss mehr verantwortung f\u00fcr den bev\u00f6lkerungsschutz \u00fcbernehmen daher richten wir das  bundesamt f\u00fcr bev\u00f6lkerungsschutz bbk neu aus entwickeln es unter ber\u00fccksichtigung der f\u00f6deralen  kompetenzverteilung zur zentralstelle weiter und stellen es entsprechend personell und materiell auf","einseitige schritte erschweren die friedensbem\u00fchungen und m\u00fcssen unterbleiben von der  pal\u00e4stinensischen seite erwarten wir fortschritte bei demokratie rechtsstaatlichkeit und  menschenrechten dies gilt ebenso f\u00fcr den verzicht auf jede form von gewalt gegen israel wir  fordern den stopp des v\u00f6lkerrechtswidrigen siedlungsbaus","kirchen und religionsgemeinschaften  kirchen und religionsgemeinschaften sind ein wichtiger teil unseres gemeinwesens und leisten einen  wertvollen beitrag f\u00fcr das zusammenleben und die wertevermittlung in der gesellschaft wir sch\u00e4tzen  und achten ihr wirken","zur finanzierung von gr\u00fcnen ausgaben werden wir die erfolgreichen green bonds ausweiten","gerichtsverfahren sollen schneller und effizienter werden verhandlungen sollen online durchf\u00fchrbar  sein beweisaufnahmen audiovisuell dokumentiert und mehr spezialisierte spruchk\u00f6rper eingesetzt  werden kleinforderungen sollen in b\u00fcrgerfreundlichen digitalen verfahren einfacher gerichtlich  durchgesetzt werden k\u00f6nnen","beim import von wasserstoff werden wir die klimapolitischen auswirkungen beachten und faire  wettbewerbsbedingungen f\u00fcr unsere wirtschaft sicherstellen","zur problematik der obdachlosigkeit von eub\u00fcrgern richten wir eine bundl\u00e4nderarbeitsgruppe ein","wir setzen uns f\u00fcr konsequenten insektenschutz ein werden den einsatz von pestiziden deutlich  verringern und die entwicklung von natur und umweltvertr\u00e4glichen alternativen f\u00f6rdern","daf\u00fcr werden wir die finanzielle unterst\u00fctzung des bundes f\u00fcr den sozialen wohnungsbau inklusive  sozialer eigenheimf\u00f6rderung fortf\u00fchren und die mittel erh\u00f6hen","wir wollen statistische berichterstattung zur sozialen lage von k\u00fcnstlerinnen und k\u00fcnstlern zur  besseren sozialen sicherung freischaffender k\u00fcnstlerinnen k\u00fcnstler und kreativer werden wir  mindesthonorierungen in f\u00f6rderrichtlinien des bundes aufnehmen wir werden soloselbstst\u00e4ndige  und hybrid besch\u00e4ftigte kreative besser absichern und b\u00fcrokratie abbauen die ksk finanziell  stabilisieren und die erh\u00f6hte zuverdienstgrenze aus selbstst\u00e4ndiger nichtk\u00fcnstlerischer t\u00e4tigkeit  erhalten","                                                                                                                                                                                                                                                                                                                                   justiz  entsprechend den anforderungen des europ\u00e4ischen gerichtshofs eugh passen wir das externe  ministerielle einzelfallweisungsrecht gegen\u00fcber den staatsanwaltschaften an f\u00fcr den vollzug eines  europ\u00e4ischen haftbefehls bedarf es einer richterlichen entscheidung","ein erh\u00f6hter finanzierungsbeitrag des bundes hat die grundlegende verbesserung der governance zur                                                                                                                                                                                                                                                                                                                                                   voraussetzung wir entwickeln das humboldt forum als ort der demokratischen weltoffenen  debatte","wir werden f\u00fcr mehr teilhabe und politische partizipation von menschen mit behinderungen an  wichtigen vorhaben auf bundesebene sorgen die mittel des partizipationsfonds wollen wir erh\u00f6hen  und verstetigen wir st\u00e4rken die inklusion im sport unter anderem das projekt indus und inklusive  ligen wir unterst\u00fctzen die vorbereitung und durchf\u00fchrung der special olympics world games   in berlin wir pr\u00fcfen eine reform der strukturen der conterganstiftung die den betroffenen mehr  mitsprache erm\u00f6glicht","dies ist den nutzerinnen und nutzern transparent zu machen","gemeinschaftsaufgabe verbesserung der agrarstruktur und k\u00fcstenschutz gak  orientiert an der reform der grw werden wir die gemeinschaftsaufgabe neu an unseren zielen  ausrichten und setzen uns f\u00fcr eine \u00fcberj\u00e4hrige und flexible finanzierung ein neue aufgaben wie  naturschutz und klimaanpassung m\u00fcssen durch zus\u00e4tzliche finanzmittel gesichert werden","wir wollen den aufbau einer leistungsf\u00e4higen wasserstoffwirtschaft und die daf\u00fcr notwendige import und transportinfrastruktur m\u00f6glichst schnell vorantreiben wir wollen eine elektrolysekapazit\u00e4t von  rund  gigawatt im jahr  erreichen dies werden wir u a durch den zubau von offshore windenergie sowie europ\u00e4ische und internationale energiepartnerschaften sicherstellen dazu ist ein  engagierter aufbau der notwendigen infrastruktur erforderlich daf\u00fcr werden wir die notwendigen  rahmenbedingungen einschlie\u00dflich effizient gestalteter f\u00f6rderprogramme schaffen und insbesondere  auch die europ\u00e4ische zusammenarbeit in diesem bereich st\u00e4rken","wir verstetigen mit den l\u00e4ndern den pakt f\u00fcr den rechtsstaat und erweitern ihn um einen digitalpakt  f\u00fcr die justiz","die kreditabsicherungen f\u00fcr exporte in form von hermesb\u00fcrgschaften unterst\u00fctzen wir gerade auch  f\u00fcr kmus bei smallticketfinanzierung gleichzeitig sollten sie klimapolitischen zielen nicht  entgegenstehen","das brennstoffemissionshandelsgesetz behg einschlie\u00dflich der erfassten brennstoffemissionen in  der industrie industrielle prozessw\u00e4rme wollen wir auf seine kompatibilit\u00e4t mit einem m\u00f6glichen  ets  \u00fcberpr\u00fcfen und gegebenenfalls so anpassen dass ein m\u00f6glichst reibungsloser \u00fcbergang  gew\u00e4hrleistet ist wir betrachten energiepreise und co preise zusammen angesichts des derzeitigen  preisniveaus durch nicht co preisgetriebene faktoren halten wir aus sozialen gr\u00fcnden am bisherigen  behgpreispfad fest wir werden einen vorschlag zur ausgestaltung der marktphase nach   machen um einen k\u00fcnftigen preisanstieg zu kompensieren und die akzeptanz des marktsystems zu  gew\u00e4hrleisten werden wir einen sozialen kompensationsmechanismus \u00fcber die abschaffung der eeg umlage hinaus entwickeln klimageld","wir werden zu beginn der  legislaturperiode ein nachfolgesystem f\u00fcr das kampfflugzeug tornado  beschaffen den beschaffungs und zertifizierungsprozess mit blick auf die nukleare teilhabe  deutschlands werden wir sachlich und gewissenhaft begleiten","wir werden die europ\u00e4ische und internationale jugendarbeit insbesondere f\u00fcr auszubildende  st\u00e4rken die arbeit auch der im aufbau befindlichen jugendwerke setzen wir fort die pl\u00e4tze in den  freiwilligendiensten werden wir nachfragegerecht ausbauen das taschengeld erh\u00f6hen und                                                                                                                                                                                                                                                                                                                                                      teilzeitm\u00f6glichkeiten verbessern wir werden den internationalen freiwilligendienst st\u00e4rken und das  fsj digital weiter aufbauen","wir streben eine engere zielgenauere und verbindliche kooperation aller ebenen an  kooperationsgebot die \u00f6rtliche umsetzungskraft der schultr\u00e4ger die kultushoheit der l\u00e4nder und  das unterst\u00fctzende potenzial des bundes wollen wir daf\u00fcr zu neuer st\u00e4rke vereinen und eine neue  kultur in der bildungszusammenarbeit begr\u00fcnden wir wollen gemeinsam darauf hinwirken dass jedes  kind die gleiche chance auf entwicklung und verwirklichung hat dazu werden wir einen bildungsgipfel  einberufen auf dem sich bund l\u00e4nder kommunen wissenschaft und zivilgesellschaft \u00fcber neue  formen der zusammenarbeit und gemeinsame ambitionierte bildungsziele verst\u00e4ndigen wir werden  eine arbeitsgruppe von bund l\u00e4ndern und kommunen einsetzen die die zusammenarbeit strukturiert  und verbessert und das erreichen der ziele sichert gemeinsam mit den l\u00e4ndern wollen wir alle  m\u00f6glichkeiten aussch\u00f6pfen gemeinsam gleichwertige lebensverh\u00e4ltnisse zu schaffen und qualit\u00e4t  leistungsf\u00e4higkeit und weiterentwicklung des bildungswesens zu st\u00e4rken soweit erforderlich bieten  wir gespr\u00e4che \u00fcber eine grundgesetz\u00e4nderung an","zur st\u00e4rkung des zusammenhalts werden die investitions und sanierungsprogramme im bereich des  sports und der kultur z b sportst\u00e4tten schwimmb\u00e4der bibliotheken vereinfacht und aufgestockt","klimaneutralit\u00e4t der massive ausbau erneuerbarer energien und deren infrastruktur die produktion  von wasserstoff wir streben ein globales emissionshandelssystem an das mittelfristig zu einem  einheitlichen co preis f\u00fchrt","das bundesamt f\u00fcr seeschifffahrt und hydrografie werden wir st\u00e4rken um eine einheitliche  flaggenstaatsverwaltung einzuf\u00fchren und um den offshorewindenergieausbau zu beschleunigen","das nationale konzept sport und sicherheit wird weiterentwickelt die datei gewaltt\u00e4ter sport wird  in hinblick auf rechtsstaatlichkeit l\u00f6schfristen transparenz und datenschutz reformiert","in den verhandlungen \u00fcber das euprogramm fit for  unterst\u00fctzen wir die vorschl\u00e4ge der eu kommission und wollen in den einzelnen sektoren die instrumente m\u00f6glichst technologieneutral  ausgestalten","bauen und wohnen  wohnen ist ein grundbed\u00fcrfnis und so vielf\u00e4ltig wie die menschen wir werden das bauen und  wohnen der zukunft bezahlbar klimaneutral nachhaltig barrierearm innovativ und mit lebendigen  \u00f6ffentlichen r\u00e4umen gestalten dabei haben wir die vielfalt der rahmenbedingungen und  wohnformen und individuellen bed\u00fcrfnisse der menschen in l\u00e4ndlichen und urbanen r\u00e4umen im blick","demokratie rechtsstaatlichkeit und menschen frauen und minderheitenrechte in der t\u00fcrkei sind  massiv abgebaut worden wir werden deswegen bei den beitrittsverhandlungen keine kapitel  schlie\u00dfen und keine neuen \u00f6ffnen wir werden die eut\u00fcrkeidialogagenda mit leben f\u00fcllen und den  austausch mit der zivilgesellschaft und jugendaustauschprogramme ausbauen"," wir st\u00e4rken alternativen zu chemischsynthetischen pflanzenschutzmitteln biologicals low risks  pflanzenst\u00e4rkungsmittel physikalisch biologisch anbaumethoden robotik drohnen  digitalisierung prognosemodelle etc und verbessern die zugeh\u00f6rigen verfahren","wir werden das parlament als ort der debatte und der gesetzgebung st\u00e4rken","meldeketten an die mittel der stiftung fr\u00fche hilfen werden wir dynamisieren das telefon und  onlineberatungsangebot des bundes werden wir finanziell absichern","wir werden unseren einsatz f\u00fcr altersgerechtes wohnen und barriereabbau verst\u00e4rken und die mittel  f\u00fcr das kfw programm ausk\u00f6mmlich aufstocken","b\u00fcndnis   die gr\u00fcnen stellen die stellvertreterin oder den stellvertreter des bundeskanzlers gem\u00e4\u00df  artikel  gg","die staatsministerinnen bzw staatsminister im ausw\u00e4rtigen amt stellt b\u00fcndnis   die gr\u00fcnen","wir wollen gro\u00dfe und besonders bedeutsame infrastrukturma\u00dfnahmen auch im wege zul\u00e4ssiger und  unionsrechtskonformer legalplanung beschleunigt auf den weg bringen und mit hoher politischer  priorit\u00e4t umsetzen unter solchen infrastrukturma\u00dfnahmen verstehen wir systemrelevante  bahnstrecken stromtrassen und ingenieursbauwerke z b kritische br\u00fccken f\u00fcr die ausgestaltung  werden wir uns eng mit der europ\u00e4ischen kommission abstimmen die erforderliche umweltpr\u00fcfung  durchf\u00fchren und durch den zugang zum bundesverwaltungsgericht den rechtsschutz und die  effektivit\u00e4t des umweltrechts sicherstellen f\u00fcr geeignete f\u00e4lle kommt auch eine \u00fcbernahme des  raumordnungsverfahrens durch den bund in betracht beginnen werden wir mit schienenprojekten  aus dem deutschlandtakt  dem ausbauneubau der bahnstrecken hammhannoverberlin korridor  mittelrhein hanauw\u00fcrzburgfuldaerfurt m\u00fcnchenkiefersfeldengrenze da karlsruhebasel  optimiertes alpha e ostkorridor s\u00fcd n\u00fcrnbergreichenbachgrenze dcz die knoten hamburg  frankfurt k\u00f6ln mannheim und m\u00fcnchen  sowie mit f\u00fcr die energiewende zentralen hochspannungs gleichstrom\u00fcbertragungsleitungen s\u00fcdlink s\u00fcdostlink und ultranet weitere vorhaben werden  hinzukommen","chemikalienpolitik  die chemieindustrie steht in einem weltweiten wettbewerb wir st\u00e4rken ihre wettbewerbsf\u00e4higkeit  und innovationskraft nachhaltigkeit und klimaschutz sowie den produktionsstandort deutschland  sichern arbeitspl\u00e4tze und reduzieren die risiken des einsatzes gesundheitsgef\u00e4hrdender stoffe z b","wir wollen f\u00fcr gute lebensbedingungen in stadt und land sorgen und werden intensiv daran arbeiten  die innere einheit sozial und wirtschaftlich zu vollenden wir gew\u00e4hrleisten hohe  verbraucherschutzstandards und f\u00f6rdern den sport","wir richten das baf\u00f6g neu aus und legen dabei einen besonderen fokus auf eine deutliche erh\u00f6hung  der freibetr\u00e4ge au\u00dferdem werden wir u a altersgrenzen stark anheben studienfachwechsel  erleichtern die f\u00f6rderh\u00f6chstdauer verl\u00e4ngern bedarfss\u00e4tze auch vor dem hintergrund steigender  wohnkosten anheben einen notfallmechanismus erg\u00e4nzen und teilzeitf\u00f6rderungen pr\u00fcfen","wir wollen die f\u00f6rderung an strukturschw\u00e4che ausrichten","die sportf\u00f6rderung des bundes kn\u00fcpfen wir an die einhaltung von f\u00f6rderrichtlinien mit zielvorgaben  vorgaben zu transparenz good governance und die qualifikation von leistungssportpersonal in der  spitzensportf\u00f6rderung richten wir eine unabh\u00e4ngige instanz zur mittelvergabe sowie ein  transparenzportal ein das potenzialanalysesystem potas evaluieren wir und entwickeln es mit dem  ziel von mehr effektivit\u00e4t und entb\u00fcrokratisierung weiter wir schaffen bessere rahmenbedingungen  f\u00fcr den spitzensport die mitwirkungsrechte der athletinnen und athleten st\u00e4rken wir durch die  dauerhafte finanzierung der vereinigung athleten deutschland ev","wir verankern eine ansprechpartnerin bzw einen ansprechpartner f\u00fcr die kultur und  kreativwirtschaft bei der bundesregierung vereinfachen und verbessern f\u00f6rderung auch f\u00fcr kreative  nichttechnische innovationen wir wollen den gamesstandort st\u00e4rken und die f\u00f6rderung  verstetigen wir schaffen rechtssicherheit f\u00fcr gemeinn\u00fctzigen journalismus und machen esport  gemeinn\u00fctzig wir pr\u00fcfen mit den l\u00e4ndern eine f\u00f6rderung unabh\u00e4ngiger verlage um die kulturelle  vielfalt auf dem buchmarkt zu sichern","wir setzen uns f\u00fcr ein ambitioniertes abkommen mit den usa ein das einen rechtssicheren und  datenschutzkonformen datentransfer auf europ\u00e4ischem schutzniveau erm\u00f6glicht die entscheidung  \u00fcber die ratifizierung des umfassenden wirtschafts und handelsabkommens ceta treffen wir nach  abschluss der pr\u00fcfung durch das bundesverfassungsgericht wir setzen uns dann f\u00fcr die ratifizierung  des mercosurabkommens ein wenn zuvor von seiten der partnerl\u00e4nder umsetzbare und  \u00fcberpr\u00fcfbare rechtliche verbindliche verpflichtungen zum umwelt sozial und  menschenrechtsschutz eingegangen werden und praktisch durchsetzbare zusatzvereinbarungen zum  schutz und erhalt bestehender waldfl\u00e4chen abgeschlossen worden sind eine ratifikation des eu chinainvestitionsabkommens im eurat kann aus verschiedenen gr\u00fcnden zurzeit nicht stattfinden","                                                                                                                                                                                                                                                                                                          um den kampf gegen physische psychische und insbesondere sexualisierte gewalt im sport zu  verbessern unterst\u00fctzen wir den aufbau eines unabh\u00e4ngigen zentrums f\u00fcr safe sport wir legen ein  bundesprogramm gegen rechtsextremismus und menschenfeindlichkeit im sport auf","wir erh\u00f6hen die verbindlichkeit von nachhaltigkeitsstrategien zielen und programmen im konkreten  regierungshandeln und bei der erstellung von gesetzen und st\u00e4rken parlamentarische  beteiligungsrechte die \u00f6ffentliche hand geht bei ihrer beschaffung mit gutem beispiel voran","die auss\u00f6hnung mit namibia bleibt f\u00fcr uns eine unverzichtbare aufgabe die aus unserer historischen  und moralischen verantwortung erw\u00e4chst das vers\u00f6hnungsabkommen mit namibia kann der auftakt  zu einem gemeinsamen prozess der aufarbeitung sein","wir schaffen ein modernes staatsangeh\u00f6rigkeitsrecht daf\u00fcr werden wir die  mehrfachstaatsangeh\u00f6rigkeit erm\u00f6glichen und den weg zum erwerb der deutschen  staatsangeh\u00f6rigkeit vereinfachen eine einb\u00fcrgerung soll in der regel nach f\u00fcnf jahren m\u00f6glich  sein bei besonderen integrationsleistungen nach drei jahren eine niederlassungserlaubnis soll nach  drei jahren erworben werden k\u00f6nnen in deutschland geborene kinder ausl\u00e4ndischer eltern werden  mit ihrer geburt deutsche staatsb\u00fcrgerinnen bzw staatsb\u00fcrger wenn ein elternteil seit f\u00fcnf jahren  einen rechtm\u00e4\u00dfigen gew\u00f6hnlichen aufenthalt im inland hat f\u00f