<div>                        <script type="text/javascript">window.PlotlyConfig = {MathJaxConfig: 'local'};</script>
        <script src="https://cdn.plot.ly/plotly-2.18.0.min.js"></script>                <div id="4c784037-637b-444b-a054-ad8951c584d4" class="plotly-graph-div" style="height:800px; width:800px;"></div>            <script type="text/javascript">                                    window.PLOTLYENV=window.PLOTLYENV || {};                                    if (document.getElementById("4c784037-637b-444b-a054-ad8951c584d4")) {                    Plotly.newPlot(                        "4c784037-637b-444b-a054-ad8951c584d4",                        [{"coloraxis":"coloraxis","name":"0","x":["0_daten_dateninhaber_recht","1_hochrisikokisystem_hochri...","2_programm_programms_partne...","3_eur_kosten_preisen","4_datenvermittlungsdiensten...","5_notifizierten_beh\u00f6rden_st...","6_torwachter_beschluss_beur...","7_gilt_nr_geschaftstatigkeit","8_benannten_informationen_n...","9_rechtsakte_erlassen_befug...","10_daten_ma\u00dfnahme_unterstut...","11_datenaltruistischen_orga...","12_normen_entwicklung_berat...","13_rat_parlament_widerruf","14_torwachter_gewerblichen_...","15_geldbu\u00dfe_geldbu\u00dfen_frist","16_plattformdienste_unterne...","17_vorschriften_durchsetzun..."],"y":["0_daten_dateninhaber_recht","1_hochrisikokisystem_hochri...","2_programm_programms_partne...","3_eur_kosten_preisen","4_datenvermittlungsdiensten...","5_notifizierten_beh\u00f6rden_st...","6_torwachter_beschluss_beur...","7_gilt_nr_geschaftstatigkeit","8_benannten_informationen_n...","9_rechtsakte_erlassen_befug...","10_daten_ma\u00dfnahme_unterstut...","11_datenaltruistischen_orga...","12_normen_entwicklung_berat...","13_rat_parlament_widerruf","14_torwachter_gewerblichen_...","15_geldbu\u00dfe_geldbu\u00dfen_frist","16_plattformdienste_unterne...","17_vorschriften_durchsetzun..."],"z":[[0.9999999999999996,0.7128028617804603,0.8308953957648492,0.8430495092071905,0.8486868428793649,0.8679170645344352,0.8569046616237055,0.8860088195153757,0.9002518932869863,0.8598338477648357,0.8687642757457258,0.8769754914637244,0.8836687779855237,0.8082593589866808,0.8381397844928528,0.851393283467808,0.8539763699021911,0.8974213933793956],[0.7128028617804603,1.0000000000000004,0.734110852021259,0.7333010890855345,0.7857520235911785,0.7181791183438788,0.7182229093848468,0.7633708741073312,0.7560538878825878,0.723880328300358,0.8040915591003034,0.6834506526198862,0.7661040114259261,0.6951405142989077,0.7795037623943442,0.7271622224417438,0.7560663650287862,0.7556204978558685],[0.8308953957648492,0.734110852021259,1.0000000000000002,0.7891656038718116,0.8281601466309492,0.8274600203622211,0.7858048065575693,0.828393194269416,0.8589871084454597,0.8278730821236775,0.8529900689846464,0.8278235722465522,0.861068594481301,0.7799713178757072,0.8594846558185725,0.7892875115800536,0.8404367697828907,0.8798879254650058],[0.8430495092071905,0.7333010890855345,0.7891656038718116,0.9999999999999997,0.7359025321725676,0.7993678601832972,0.817140435899656,0.8373774057149606,0.8553044027461919,0.8287260620662145,0.7930162467301701,0.7572213847302084,0.8428684370901369,0.7854286691569593,0.7826186509871627,0.9035174917103629,0.7699817169374943,0.8586374728209636],[0.8486868428793649,0.7857520235911785,0.8281601466309492,0.7359025321725676,0.9999999999999999,0.8263351898091339,0.7629321536438656,0.8090388299220134,0.8448291281075093,0.7885550742997438,0.9223486602754466,0.8604791734831228,0.8441744073173107,0.6930003851033404,0.8498733182409687,0.7708251028847616,0.8509091895141822,0.8372516841590587],[0.8679170645344352,0.7181791183438788,0.8274600203622211,0.7993678601832972,0.8263351898091339,0.9999999999999998,0.8851897430707626,0.8923653683669948,0.8937557983170451,0.9124940718371031,0.8440786354844471,0.8782037743196547,0.8704310006670232,0.8321084980831365,0.8703565854094791,0.8369391918042864,0.8550608671457686,0.930720757190564],[0.8569046616237055,0.7182229093848468,0.7858048065575693,0.817140435899656,0.7629321536438656,0.8851897430707626,0.9999999999999999,0.9179504267078678,0.9000906398558948,0.9254166828544292,0.8120668982090151,0.803354559197184,0.8644595234838139,0.8640021215551823,0.8488159933059625,0.8754506210592821,0.8618216268797465,0.905237545511572],[0.8860088195153757,0.7633708741073312,0.828393194269416,0.8373774057149606,0.8090388299220134,0.8923653683669948,0.9179504267078678,1.0000000000000002,0.9414473279469607,0.9191052750687488,0.8542956677516746,0.8303493970178063,0.8952935020555495,0.8592305705329721,0.8974406337914117,0.8619182247243554,0.8950611346272932,0.9507785625293566],[0.9002518932869863,0.7560538878825878,0.8589871084454597,0.8553044027461919,0.8448291281075093,0.8937557983170451,0.9000906398558948,0.9414473279469607,1.0000000000000004,0.9082886184432545,0.9030029792334873,0.8532906770499273,0.9111284364254544,0.8540991188886009,0.8879477350672911,0.8682541246268429,0.8735644634045342,0.9501187458093496],[0.8598338477648357,0.723880328300358,0.8278730821236775,0.8287260620662145,0.7885550742997438,0.9124940718371031,0.9254166828544292,0.9191052750687488,0.9082886184432545,1.0000000000000002,0.823243265282798,0.8107608696844226,0.8779156424781785,0.8852446842903727,0.8513739992944959,0.8901859926107281,0.8592770958160196,0.9467120899600767],[0.8687642757457258,0.8040915591003034,0.8529900689846464,0.7930162467301701,0.9223486602754466,0.8440786354844471,0.8120668982090151,0.8542956677516746,0.9030029792334873,0.823243265282798,0.9999999999999999,0.8492318185960943,0.8636313535554528,0.7379757187018574,0.8538930375337372,0.8063535050798153,0.8465005282080218,0.8729753068089448],[0.8769754914637244,0.6834506526198862,0.8278235722465522,0.7572213847302084,0.8604791734831228,0.8782037743196547,0.803354559197184,0.8303493970178063,0.8532906770499273,0.8107608696844226,0.8492318185960943,1.0000000000000002,0.852483014898627,0.7498659970774498,0.8337795685728059,0.801061813229614,0.8283272271936324,0.8652045262813801],[0.8836687779855237,0.7661040114259261,0.861068594481301,0.8428684370901369,0.8441744073173107,0.8704310006670232,0.8644595234838139,0.8952935020555495,0.9111284364254544,0.8779156424781785,0.8636313535554528,0.852483014898627,1.0000000000000004,0.8118016966722521,0.8441103287100118,0.8371374295513263,0.8517362597185945,0.9243911270677413],[0.8082593589866808,0.6951405142989077,0.7799713178757072,0.7854286691569593,0.6930003851033404,0.8321084980831365,0.8640021215551823,0.8592305705329721,0.8540991188886009,0.8852446842903727,0.7379757187018574,0.7498659970774498,0.8118016966722521,1.0,0.8065441128367302,0.8118913731730347,0.8051497906438085,0.8803101949627365],[0.8381397844928528,0.7795037623943442,0.8594846558185725,0.7826186509871627,0.8498733182409687,0.8703565854094791,0.8488159933059625,0.8974406337914117,0.8879477350672911,0.8513739992944959,0.8538930375337372,0.8337795685728059,0.8441103287100118,0.8065441128367302,1.0,0.7654264668318526,0.9267093541583404,0.9010821496510626],[0.851393283467808,0.7271622224417438,0.7892875115800536,0.9035174917103629,0.7708251028847616,0.8369391918042864,0.8754506210592821,0.8619182247243554,0.8682541246268429,0.8901859926107281,0.8063535050798153,0.801061813229614,0.8371374295513263,0.8118913731730347,0.7654264668318526,0.9999999999999998,0.7843359608617171,0.8672060841279514],[0.8539763699021911,0.7560663650287862,0.8404367697828907,0.7699817169374943,0.8509091895141822,0.8550608671457686,0.8618216268797465,0.8950611346272932,0.8735644634045342,0.8592770958160196,0.8465005282080218,0.8283272271936324,0.8517362597185945,0.8051497906438085,0.9267093541583404,0.7843359608617171,1.0000000000000007,0.8995524697073132],[0.8974213933793956,0.7556204978558685,0.8798879254650058,0.8586374728209636,0.8372516841590587,0.930720757190564,0.905237545511572,0.9507785625293566,0.9501187458093496,0.9467120899600767,0.8729753068089448,0.8652045262813801,0.9243911270677413,0.8803101949627365,0.9010821496510626,0.8672060841279514,0.8995524697073132,1.0]],"type":"heatmap","xaxis":"x","yaxis":"y","hovertemplate":"x: %{x}<br>y: %{y}<br>Similarity Score: %{z}<extra></extra>"}],                        {"template":{"data":{"histogram2dcontour":[{"type":"histogram2dcontour","colorbar":{"outlinewidth":0,"ticks":""},"colorscale":[[0.0,"#0d0887"],[0.1111111111111111,"#46039f"],[0.2222222222222222,"#7201a8"],[0.3333333333333333,"#9c179e"],[0.4444444444444444,"#bd3786"],[0.5555555555555556,"#d8576b"],[0.6666666666666666,"#ed7953"],[0.7777777777777778,"#fb9f3a"],[0.8888888888888888,"#fdca26"],[1.0,"#f0f921"]]}],"choropleth":[{"type":"choropleth","colorbar":{"outlinewidth":0,"ticks":""}}],"histogram2d":[{"type":"histogram2d","colorbar":{"outlinewidth":0,"ticks":""},"colorscale":[[0.0,"#0d0887"],[0.1111111111111111,"#46039f"],[0.2222222222222222,"#7201a8"],[0.3333333333333333,"#9c179e"],[0.4444444444444444,"#bd3786"],[0.5555555555555556,"#d8576b"],[0.6666666666666666,"#ed7953"],[0.7777777777777778,"#fb9f3a"],[0.8888888888888888,"#fdca26"],[1.0,"#f0f921"]]}],"heatmap":[{"type":"heatmap","colorbar":{"outlinewidth":0,"ticks":""},"colorscale":[[0.0,"#0d0887"],[0.1111111111111111,"#46039f"],[0.2222222222222222,"#7201a8"],[0.3333333333333333,"#9c179e"],[0.4444444444444444,"#bd3786"],[0.5555555555555556,"#d8576b"],[0.6666666666666666,"#ed7953"],[0.7777777777777778,"#fb9f3a"],[0.8888888888888888,"#fdca26"],[1.0,"#f0f921"]]}],"heatmapgl":[{"type":"heatmapgl","colorbar":{"outlinewidth":0,"ticks":""},"colorscale":[[0.0,"#0d0887"],[0.1111111111111111,"#46039f"],[0.2222222222222222,"#7201a8"],[0.3333333333333333,"#9c179e"],[0.4444444444444444,"#bd3786"],[0.5555555555555556,"#d8576b"],[0.6666666666666666,"#ed7953"],[0.7777777777777778,"#fb9f3a"],[0.8888888888888888,"#fdca26"],[1.0,"#f0f921"]]}],"contourcarpet":[{"type":"contourcarpet","colorbar":{"outlinewidth":0,"ticks":""}}],"contour":[{"type":"contour","colorbar":{"outlinewidth":0,"ticks":""},"colorscale":[[0.0,"#0d0887"],[0.1111111111111111,"#46039f"],[0.2222222222222222,"#7201a8"],[0.3333333333333333,"#9c179e"],[0.4444444444444444,"#bd3786"],[0.5555555555555556,"#d8576b"],[0.6666666666666666,"#ed7953"],[0.7777777777777778,"#fb9f3a"],[0.8888888888888888,"#fdca26"],[1.0,"#f0f921"]]}],"surface":[{"type":"surface","colorbar":{"outlinewidth":0,"ticks":""},"colorscale":[[0.0,"#0d0887"],[0.1111111111111111,"#46039f"],[0.2222222222222222,"#7201a8"],[0.3333333333333333,"#9c179e"],[0.4444444444444444,"#bd3786"],[0.5555555555555556,"#d8576b"],[0.6666666666666666,"#ed7953"],[0.7777777777777778,"#fb9f3a"],[0.8888888888888888,"#fdca26"],[1.0,"#f0f921"]]}],"mesh3d":[{"type":"mesh3d","colorbar":{"outlinewidth":0,"ticks":""}}],"scatter":[{"fillpattern":{"fillmode":"overlay","size":10,"solidity":0.2},"type":"scatter"}],"parcoords":[{"type":"parcoords","line":{"colorbar":{"outlinewidth":0,"ticks":""}}}],"scatterpolargl":[{"type":"scatterpolargl","marker":{"colorbar":{"outlinewidth":0,"ticks":""}}}],"bar":[{"error_x":{"color":"#2a3f5f"},"error_y":{"color":"#2a3f5f"},"marker":{"line":{"color":"#E5ECF6","width":0.5},"pattern":{"fillmode":"overlay","size":10,"solidity":0.2}},"type":"bar"}],"scattergeo":[{"type":"scattergeo","marker":{"colorbar":{"outlinewidth":0,"ticks":""}}}],"scatterpolar":[{"type":"scatterpolar","marker":{"colorbar":{"outlinewidth":0,"ticks":""}}}],"histogram":[{"marker":{"pattern":{"fillmode":"overlay","size":10,"solidity":0.2}},"type":"histogram"}],"scattergl":[{"type":"scattergl","marker":{"colorbar":{"outlinewidth":0,"ticks":""}}}],"scatter3d":[{"type":"scatter3d","line":{"colorbar":{"outlinewidth":0,"ticks":""}},"marker":{"colorbar":{"outlinewidth":0,"ticks":""}}}],"scattermapbox":[{"type":"scattermapbox","marker":{"colorbar":{"outlinewidth":0,"ticks":""}}}],"scatterternary":[{"type":"scatterternary","marker":{"colorbar":{"outlinewidth":0,"ticks":""}}}],"scattercarpet":[{"type":"scattercarpet","marker":{"colorbar":{"outlinewidth":0,"ticks":""}}}],"carpet":[{"aaxis":{"endlinecolor":"#2a3f5f","gridcolor":"white","linecolor":"white","minorgridcolor":"white","startlinecolor":"#2a3f5f"},"baxis":{"endlinecolor":"#2a3f5f","gridcolor":"white","linecolor":"white","minorgridcolor":"white","startlinecolor":"#2a3f5f"},"type":"carpet"}],"table":[{"cells":{"fill":{"color":"#EBF0F8"},"line":{"color":"white"}},"header":{"fill":{"color":"#C8D4E3"},"line":{"color":"white"}},"type":"table"}],"barpolar":[{"marker":{"line":{"color":"#E5ECF6","width":0.5},"pattern":{"fillmode":"overlay","size":10,"solidity":0.2}},"type":"barpolar"}],"pie":[{"automargin":true,"type":"pie"}]},"layout":{"autotypenumbers":"strict","colorway":["#636efa","#EF553B","#00cc96","#ab63fa","#FFA15A","#19d3f3","#FF6692","#B6E880","#FF97FF","#FECB52"],"font":{"color":"#2a3f5f"},"hovermode":"closest","hoverlabel":{"align":"left"},"paper_bgcolor":"white","plot_bgcolor":"#E5ECF6","polar":{"bgcolor":"#E5ECF6","angularaxis":{"gridcolor":"white","linecolor":"white","ticks":""},"radialaxis":{"gridcolor":"white","linecolor":"white","ticks":""}},"ternary":{"bgcolor":"#E5ECF6","aaxis":{"gridcolor":"white","linecolor":"white","ticks":""},"baxis":{"gridcolor":"white","linecolor":"white","ticks":""},"caxis":{"gridcolor":"white","linecolor":"white","ticks":""}},"coloraxis":{"colorbar":{"outlinewidth":0,"ticks":""}},"colorscale":{"sequential":[[0.0,"#0d0887"],[0.1111111111111111,"#46039f"],[0.2222222222222222,"#7201a8"],[0.3333333333333333,"#9c179e"],[0.4444444444444444,"#bd3786"],[0.5555555555555556,"#d8576b"],[0.6666666666666666,"#ed7953"],[0.7777777777777778,"#fb9f3a"],[0.8888888888888888,"#fdca26"],[1.0,"#f0f921"]],"sequentialminus":[[0.0,"#0d0887"],[0.1111111111111111,"#46039f"],[0.2222222222222222,"#7201a8"],[0.3333333333333333,"#9c179e"],[0.4444444444444444,"#bd3786"],[0.5555555555555556,"#d8576b"],[0.6666666666666666,"#ed7953"],[0.7777777777777778,"#fb9f3a"],[0.8888888888888888,"#fdca26"],[1.0,"#f0f921"]],"diverging":[[0,"#8e0152"],[0.1,"#c51b7d"],[0.2,"#de77ae"],[0.3,"#f1b6da"],[0.4,"#fde0ef"],[0.5,"#f7f7f7"],[0.6,"#e6f5d0"],[0.7,"#b8e186"],[0.8,"#7fbc41"],[0.9,"#4d9221"],[1,"#276419"]]},"xaxis":{"gridcolor":"white","linecolor":"white","ticks":"","title":{"standoff":15},"zerolinecolor":"white","automargin":true,"zerolinewidth":2},"yaxis":{"gridcolor":"white","linecolor":"white","ticks":"","title":{"standoff":15},"zerolinecolor":"white","automargin":true,"zerolinewidth":2},"scene":{"xaxis":{"backgroundcolor":"#E5ECF6","gridcolor":"white","linecolor":"white","showbackground":true,"ticks":"","zerolinecolor":"white","gridwidth":2},"yaxis":{"backgroundcolor":"#E5ECF6","gridcolor":"white","linecolor":"white","showbackground":true,"ticks":"","zerolinecolor":"white","gridwidth":2},"zaxis":{"backgroundcolor":"#E5ECF6","gridcolor":"white","linecolor":"white","showbackground":true,"ticks":"","zerolinecolor":"white","gridwidth":2}},"shapedefaults":{"line":{"color":"#2a3f5f"}},"annotationdefaults":{"arrowcolor":"#2a3f5f","arrowhead":0,"arrowwidth":1},"geo":{"bgcolor":"white","landcolor":"#E5ECF6","subunitcolor":"white","showland":true,"showlakes":true,"lakecolor":"white"},"title":{"x":0.05},"mapbox":{"style":"light"}}},"xaxis":{"anchor":"y","domain":[0.0,1.0],"scaleanchor":"y","constrain":"domain"},"yaxis":{"anchor":"x","domain":[0.0,1.0],"autorange":"reversed","constrain":"domain"},"coloraxis":{"colorbar":{"title":{"text":"Similarity Score"}},"colorscale":[[0.0,"rgb(247,252,240)"],[0.125,"rgb(224,243,219)"],[0.25,"rgb(204,235,197)"],[0.375,"rgb(168,221,181)"],[0.5,"rgb(123,204,196)"],[0.625,"rgb(78,179,211)"],[0.75,"rgb(43,140,190)"],[0.875,"rgb(8,104,172)"],[1.0,"rgb(8,64,129)"]]},"margin":{"t":60},"title":{"text":"EU_Daten_ki_n_neighbors = 20 min_dist = 0 min_cluster = 20 min_sample = 5"},"hoverlabel":{"font":{"size":16,"family":"Rockwell"},"bgcolor":"white"},"width":800,"height":800,"showlegend":true,"legend":{"title":{"text":"Trend"}}},                        {"responsive": true}                    )                };                            </script>        </div><div>                        <script type="text/javascript">window.PlotlyConfig = {MathJaxConfig: 'local'};</script>
        <script src="https://cdn.plot.ly/plotly-2.18.0.min.js"></script>                <div id="af32d81a-a7ee-417e-80c5-f609e7ee46f7" class="plotly-graph-div" style="height:750px; width:1200px;"></div>            <script type="text/javascript">                                    window.PLOTLYENV=window.PLOTLYENV || {};                                    if (document.getElementById("af32d81a-a7ee-417e-80c5-f609e7ee46f7")) {                    Plotly.newPlot(                        "af32d81a-a7ee-417e-80c5-f609e7ee46f7",                        [{"hoverinfo":"text","hovertext":[" rechtstrager die an einer ma\u00dfnahme teilnehmen legen folgendes vor a eine ethische selbstbewertung unter angabe aller vorhersehbaren ethischen fragen im zusammenhang mit dem angestrebten ziel mit einzelheiten der durchfuhrung und mit der zu erwartenden wirkung der zu fordernden tatigkeiten einschlie\u00dflich einer bestatigung der einhaltung von absatz  sowie einer darlegung wie sie gewahrleistet wird b eine bestatigung dass die tatigkeiten dem von allen europaischen akademien veroffentlichten europaischen verhaltenskodex fur die integritat in der forschung genugen und keine von der forderung ausgeschlossenen tatigkeiten durchgefuhrt werden c bei au\u00dferhalb der union durchgefuhrten tatigkeiten eine bestatigung dass diese tatigkeiten in einem mitgliedstaat erlaubt gewesen waren sowie d bei tatigkeiten bei denen menschliche embryonale stammzellen verwendet werden gegebenenfalls angaben zu den von den behorden der betreffenden mitgliedstaaten zu ergreifenden genehmigungs bzw kontrollma\u00dfnahmen sowie einzelheiten der auf der grundlage von ethikprufungen erteilten genehmigungen die vor aufnahme der betreffenden tatigkeiten eingeholt werden mussen","bei anderen als den unter absatz  fallenden datenverarbeitungsdiensten stellen die \r\nanbieter von datenverarbeitungsdiensten offene schnittstellen \u00f6ffentlich und \r\nkostenlos bereit \r\n"," die begunstigten verbreiten ihre ergebnisse so rasch wie moglich in einem offentlich zuganglichen format vorbehaltlich etwaiger einschrankungen aufgrund des schutzes von geistigem eigentum sicherheitsvorschriften oder legitimen interessen das arbeitsprogramm kann zusatzliche verpflichtungen zur verbreitung der ergebnisse vorsehen wobei die wirtschaftlichen und wissenschaftlichen interessen der union zu wahren sind","eine \u00f6ffentliche stelle oder ein organ eine einrichtung oder eine sonstige stelle der \r\nunion ist berechtigt die nach diesem kapitel erhaltenen daten an personen oder \r\norganisationen zur durchf\u00fchrung wissenschaftlicher forschungst\u00e4tigkeiten oder \r\nanalysen die mit dem zweck f\u00fcr den die daten verlangt wurden vereinbar sind \r\noder an nationale statistische \u00e4mter und an eurostat zur erstellung amtlicher \r\nstatistiken weiterzugeben \r\n","unbeschadet des absatzes  gilt folgendes \r\na die f\u00fcr die \u00fcberwachung der anwendung der verordnung eu  \r\nzust\u00e4ndige unabh\u00e4ngige aufsichtsbeh\u00f6rde ist bez\u00fcglich des schutzes \r\npersonenbezogener daten auch f\u00fcr die \u00fcberwachung der anwendung der \r\nvorliegenden verordnung zust\u00e4ndig die kapitel vi und vii der verordnung \r\neu  finden sinngem\u00e4\u00df anwendung die aufgaben und befugnisse \r\nder aufsichtsbeh\u00f6rden werden in bezug auf die verarbeitung \r\npersonenbezogener daten wahrgenommen \r\nb bei besonderen sektoralen problemen des datenaustauschs im zusammenhang \r\nmit der anwendung dieser verordnung bleibt die zust\u00e4ndigkeit der \r\nfachbeh\u00f6rden gewahrt de   de c die f\u00fcr die anwendung und durchsetzung des kapitels vi dieser verordnung \r\nzust\u00e4ndige nationale beh\u00f6rde muss \u00fcber erfahrungen auf dem gebiet der \r\ndaten und der elektronischen kommunikationsdienste verf\u00fcgen \r\n"," der torwachter stellt sicher dass die in absatz  genannte compliancefunktion uber ausreichend befugnisse status und ressourcen sowie uber zugang zum leitungsorgan des torwachters verfugt um die einhaltung dieser verordnung durch den torwachter zu uberwachen"," bei den forschungs und innovationstatigkeiten die im rahmen des in artikel  absatz  buchstabe a genannten spezifischen programms und im rahmen des eit durchgefuhrt werden liegt der schwerpunkt ausschlie\u00dflich auf zivilen anwendungen mittelubertragungen zwischen dem betrag der dem in artikel  absatz  buchstabe a genannten spezifischen programm und dem eit zugewiesen wurde und dem betrag der dem in artikel  absatz  buchstabe c genannten spezifischen programm zugewiesen wurde sind nicht zulassig und unnotige doppelarbeit zwischen den beiden programmen sind zu vermeiden"," der torwachter stellt sicher dass die verpflichtungen aus den artikeln   und  vollstandig und wirksam eingehalten werden"," die kommission kann zur erfullung ihrer aufgaben nach dieser verordnung unternehmen und unternehmensvereinigungen durch einfaches auskunftsverlangen oder im wege eines beschlusses auffordern alle erforderlichen auskunfte zu erteilen die kommission kann durch einfaches auskunftsverlangen oder im wege eines beschlusses auch zugang zu allen daten und algorithmen von unternehmen und informationen uber tests verlangen sowie diesbezugliche erlauterungen anfordern"," die ma\u00dfnahme wird gema\u00df dem vertrag ausgesetzt geandert oder in hinreichend begrundeten fallen beendet wenn die messbaren etappenziele nicht erreicht werden sie kann auch beendet werden wenn die erwartete markteinfuhrung insbesondere in der union nicht erreicht werden kann die kommission kann in au\u00dfergewohnlichen fallen und auf empfehlung des eicbeirats beschlie\u00dfen vorbehaltlich einer projektuberprufung durch unabhangige externe sachverstandige die unterstutzung durch den accelerator aufzustocken der programmausschuss wird uber solche falle unterrichtet"," soweit erforderlich und hinreichend begrundet konnen im arbeitsprogramm uber die in den absatzen  bis  genannten kriterien hinaus weitere kriterien festgelegt werden beispielsweise die anzahl und art der rechtstrager oder der ort ihres sitzes um besondere politische anforderungen oder die art und ziele der ma\u00dfnahme zu berucksichtigen"," bei der ausarbeitung der in absatz  genannten gemeinsamen spezifikationen holt die kommission die stellungnahmen der einschl\u00e4gigen stellen oder expertengruppen ein die nach den jeweiligen sektorspezifischen rechtsvorschriften der union eingerichtet wurden"," der torwachter legt der kommission innerhalb von sechs monaten nach seiner benennung gema\u00df artikel  eine von unabhangiger stelle geprufte beschreibung aller techniken zum verbraucherprofiling vor die er fur einzelne oder alle seiner im benennungsbeschluss nach artikel  absatz  aufgefuhrten zentralen plattformdienste verwendet die kommission ubermittelt diese geprufte beschreibung dem europaischen datenschutzausschuss"," die kommission und die mitgliedstaaten f\u00f6rdern und erleichtern die aufstellung von verhaltenskodizes mit denen erreicht werden soll dass die in titel iii kapitel  genannten anforderungen auf kisysteme anwendung finden die kein hohes risiko bergen und zwar auf der grundlage technischer spezifikationen und l\u00f6sungen die geeignet sind die einhaltung dieser anforderungen mit blick auf die zweckbestimmung der systeme zu gew\u00e4hrleisten","die entscheidung der streitbeilegungsstelle ist f\u00fcr die parteien nur dann bindend \r\nwenn die parteien vor beginn des streitbeilegungsverfahrens dem bindenden \r\ncharakter ausdr\u00fccklich zugestimmt haben \r\n"," gegebenenfalls werden von der kommission oder der einschlagigen fordereinrichtung ethikkontrollen vorgenommen bei schwerwiegenden oder komplexen ethischen fragen werden die ethikkontrollen von der kommission vorgenommen sofern die kommission diese nicht an eine fordereinrichtung delegiert die ethikkontrollen werden mit unterstutzung durch ethiksachverstandige durchgefuhrt","personen oder organisationen die daten nach absatz  erhalten m\u00fcssen \r\ngemeinn\u00fctzig oder im rahmen einer im unionsrecht oder im recht der \r\nmitgliedstaaten anerkannten aufgabe von \u00f6ffentlichem interesse handeln dies\r\numfasst keine organisationen die dem bestimmenden einfluss gewerblicher de   de unternehmen unterliegen wodurch diese unternehmen einen bevorzugten zugang \r\nzu den forschungsergebnissen erhalten k\u00f6nnten \r\n"," erhebt ein mitgliedstaat innerhalb von drei monaten nach eingang der in artikel  absatz  genannten unterrichtung einw\u00e4nde gegen eine von einem anderen mitgliedstaat getroffene ma\u00dfnahme oder ist die kommission der ansicht dass die ma\u00dfnahme mit dem unionsrecht unvereinbar ist so nimmt die kommission unverz\u00fcglich konsultationen mit dem betreffenden mitgliedstaat oder akteur auf und pr\u00fcft die nationale ma\u00dfnahme anhand der ergebnisse dieser pr\u00fcfung entscheidet die kommission innerhalb von neun monaten nach eingang der in artikel  absatz  genannten unterrichtung ob die nationale ma\u00dfnahme gerechtfertigt ist oder nicht und teilt dem betreffenden mitgliedstaat ihre entscheidung mit"," der inhalt der aufforderungen zur einreichung von vorschlagen ist bei allen ma\u00dfnahmen dem arbeitsprogramm zu entnehmen"," sofern im arbeitsprogramm so vorgesehen kann die jrc an den ma\u00dfnahmen teilnehmen"," die durchfuhrungsrechtsakte im sinne von absatz  buchstaben a bis k und m dieses artikels werden gema\u00df dem in artikel  absatz  genannten beratungsverfahren erlassen der durchfuhrungsrechtsakt im sinne von absatz  buchstabe l dieses artikels wird gema\u00df dem in artikel  absatz  genannten prufverfahren erlassen"," fur die durchfuhrung der in diesem artikel genannten aufgaben benennt jeder mitgliedstaat eine oder mehrere zustandige stellen die fur bestimmte sektoren zustandig sein konnen welche die offentlichen stellen die zugang zur weiterverwendung von daten der in artikel  absatz  genannten datenkategorien gewahren oder verweigern unterstutzen die mitgliedstaaten konnen entweder eine oder mehrere neue zustandige stellen einrichten oder sich auf bestehende offentliche stellen oder interne dienste offentlicher stellen stutzen die die in dieser verordnung festgelegten bedingungen erfullen","die kommission erl\u00e4sst in bezug auf eine oder alle der in absatz  festgelegten \r\nanforderungen n\u00f6tigenfalls im wege von durchf\u00fchrungsrechtsakten gemeinsame \r\nspezifikationen wenn es keine harmonisierten normen nach absatz  gibt oder \r\nwenn sie der auffassung ist dass die einschl\u00e4gigen harmonisierten normen nicht \r\nausreichen um die erf\u00fcllung der wesentlichen anforderungen in absatz  zu \r\ngew\u00e4hrleisten diese durchf\u00fchrungsrechtsakte werden gem\u00e4\u00df dem pr\u00fcfverfahren \r\nnach artikel  absatz  erlassen \r\n","absatz  gilt nur f\u00fcr hindernisse im zusammenhang mit den dienstleistungen \r\nvertr\u00e4gen oder gesch\u00e4ftspraktiken des urspr\u00fcnglichen anbieters \r\n","die zust\u00e4ndige beh\u00f6rde bei der die beschwerde eingelegt wurde unterrichtet den \r\nbeschwerdef\u00fchrer \u00fcber den stand des verfahrens und die getroffene entscheidung \r\n"," vor ihrem beitritt zur finanzhilfevereinbarung unterrichten die begunstigten einander uber etwaige einschrankungen fur die gewahrung des zugangs zu ihren grundlagen","artikel  begriffsbestimmungen fur die zwecke dieser verordnung bezeichnet der ausdruck  torwachter ein unternehmen das zentrale plattformdienste bereitstellt und nach artikel  benannt worden ist  zentraler plattformdienst die folgenden dienste a onlinevermittlungsdienste b onlinesuchmaschinen c onlinedienste sozialer netzwerke d videosharingplattformdienste e nummernunabhangige interpersonelle kommunikationsdienste f betriebssysteme g webbrowser h virtuelle assistenten i cloudcomputingdienste j onlinewerbedienste einschlie\u00dflich werbenetzwerken werbeborsen und sonstiger werbevermittlungsdienste die von einem unternehmen das einen der unter den buchstaben a bis i genannten zentralen plattformdienste bereitstellt bereitgestellt werden  dienst der informationsgesellschaft einen dienst im sinne des artikels  absatz  buchstabe b der richtlinie eu   digitaler sektor den sektor der produkte und dienstleistungen die durch dienste der informationsgesellschaft bereitgestellt werden  onlinevermittlungsdienste onlinevermittlungsdienste im sinne des artikels  nummer  der verordnung eu   onlinesuchmaschine eine onlinesuchmaschine im sinne des artikels  nummer  der verordnung eu   onlinedienst eines sozialen netzwerks eine plattform auf der endnutzer mit unterschiedlichen geraten insbesondere durch unterhaltungen beitrage videos und empfehlungen miteinander in kontakt treten und kommunizieren sowie inhalte teilen und andere nutzer und inhalte entdecken konnen  videosharingplattformdienst einen videosharingplattformdienst im sinne des artikels  absatz  buchstabe aa der richtlinie eu  nummernunabhangiger interpersoneller kommunikationsdienst einen nummernunabhangigen interpersonellen kommunikationsdienst im sinne des artikels  nummer  der richtlinie eu   betriebssystem eine systemsoftware die die grundfunktionen der hardware oder software steuert und die ausfuhrung von softwareanwendungen ermoglicht  webbrowser eine softwareanwendung die endnutzern den zugriff auf und die interaktion mit webinhalten ermoglicht die auf servern gehostet werden welche mit netzwerken wie dem internet verbunden sind einschlie\u00dflich eigenstandiger webbrowser sowie in software integrierter oder eingebetteter oder vergleichbarer webbrowser  virtueller assistent eine software die auftrage aufgaben oder fragen verarbeiten kann auch aufgrund von eingaben in ton bild und schriftform gesten oder bewegungen und die auf der grundlage dieser auftrage aufgaben oder fragen den zugang zu anderen diensten ermoglicht oder angeschlossene physische gerate steuert  cloudcomputingdienst einen cloudcomputingdienst im sinne des artikels  nummer  der richtlinie eu  des europaischen parlaments und des rates   geschafte fur softwareanwendungen onlinevermittlungsdienste durch die in erster linie softwareanwendungen als produkt oder dienstleistung vermittelt werden  softwareanwendung ein digitales produkt oder eine digitale dienstleistung das bzw die uber ein betriebssystem genutzt wird  zahlungsdienst einen zahlungsdienst im sinne des artikels  nummer  der richtlinie eu   technischer dienst zur unterstutzung von zahlungsdiensten einen dienst im sinne des artikels  buchstabe j der richtlinie eu   zahlungsdienst fur in der softwareanwendung integrierte kaufe eine softwareanwendung einen dienst oder eine benutzeroberflache die den kauf digitaler inhalte oder digitaler dienste innerhalb einer softwareanwendung einschlie\u00dflich inhalten abonnements merkmalen oder funktionen und die zahlungen fur solche kaufe ermoglicht  identifizierungsdienst einen dienst der zusammen mit oder zur unterstutzung von zentralen plattformdiensten erbracht wird und unabhangig von der verwendeten technologie eine uberprufung der identitat von endnutzern oder gewerblichen nutzern ermoglicht  endnutzer eine naturliche oder juristische person die zentrale plattformdienste nutzt und nicht als gewerblicher nutzer auftritt  gewerblicher nutzer eine naturliche oder juristische person die im rahmen einer geschaftlichen oder beruflichen tatigkeit zentrale plattformdienste zum zweck oder im zuge der bereitstellung von waren oder dienstleistungen fur endnutzer nutzt  ranking die relative hervorhebung von waren und dienstleistungen die uber onlinevermittlungsdienste onlinedienste sozialer netzwerke videosharingplattformdienste oder virtuelle assistenten angeboten werden oder die relevanz die den suchergebnissen von onlinesuchmaschinen mittels entsprechender darstellung organisation oder kommunikation durch die unternehmen die onlinevermittlungsdienste onlinedienste sozialer netzwerke videosharingplattformdienste virtuelle assistenten oder onlinesuchmaschinen anbieten zugemessen wird unabhangig von den fur diese darstellung organisation oder kommunikation verwendeten technischen mitteln und unabhangig davon ob nur ein einziges ergebnis dargestellt oder kommuniziert wird  suchergebnisse alle informationen in beliebigem format darunter in text grafischer gesprochener oder sonstiger form die als antwort auf eine suchanfrage ausgegeben werden und sich auf diese beziehen unabhangig davon ob es sich bei den ausgegebenen informationen um ein bezahltes oder ein unbezahltes ergebnis eine direkte antwort oder ein produkt eine dienstleistung oder eine information handelt das bzw die in verbindung mit den organischen ergebnissen angeboten oder zusammen mit diesen angezeigt wird oder teilweise oder vollstandig in diese eingebettet ist  daten jegliche digitale darstellung von handlungen tatsachen oder informationen sowie jegliche zusammenstellung solcher handlungen tatsachen oder informationen auch in form von ton bild oder audiovisuellem material  personenbezogene daten personenbezogene daten im sinne des artikels  nummer  der verordnung eu   nicht personenbezogene daten daten bei denen es sich nicht um personenbezogene daten handelt  unternehmen eine einheit die eine wirtschaftliche tatigkeit ausubt unabhangig von ihrer rechtsform und der art ihrer finanzierung einschlie\u00dflich aller verbundenen unternehmen die durch die unmittelbare oder mittelbare kontrolle eines unternehmens durch ein anderes unternehmen eine gruppe bilden  kontrolle die moglichkeit im sinne des artikels  absatz  der verordnung eg nr  bestimmenden einfluss auf ein unternehmen auszuuben  interoperabilitat die fahigkeit informationen auszutauschen und die uber schnittstellen oder andere losungen ausgetauschten informationen beiderseitig zu nutzen sodass alle hardware oder softwarekomponenten mit anderer hardware und software auf die vorgesehene weise zusammenwirken und bei nutzern auf die vorgesehene weise funktionieren  umsatz den von einem unternehmen erzielten umsatz im sinne des artikels  absatz  der verordnung eg nr   profiling ein profiling im sinne des artikels  nummer  der verordnung eu   einwilligung eine einwilligung im sinne des artikels  nummer  der verordnung eu   nationales gericht ein gericht eines mitgliedstaats im sinne des artikels  aeuv"," das arbeitsprogramm kann gegebenenfalls zusatzliche zugangsrechte vorsehen"," die allgemeinen bedingungen des torwachters fur die kundigung eines zentralen plattformdienstes durfen nicht unverhaltnisma\u00dfig sein der torwachter stellt sicher dass die kundigungsbedingungen ohne uberma\u00dfige schwierigkeiten eingehalten werden konnen"," die am kireallabor beteiligten bleiben nach geltendem recht der union und der mitgliedstaaten f\u00fcr sch\u00e4den haftbar die dritten infolge der erprobung im reallabor entstehen"," jeder mitgliedstaat erl\u00e4sst vorschriften dar\u00fcber ob und in welchem umfang gegen beh\u00f6rden und \u00f6ffentliche stellen die in dem betreffenden mitgliedstaat niedergelassen sind geldbu\u00dfen verh\u00e4ngt werden k\u00f6nnen"," fur die zwecke des monitorings und der verbreitung der ergebnisse durch die kommission oder die einschlagige fordereinrichtung legen die begunstigten gema\u00df der finanzhilfevereinbarung alle zur nutzung und verbreitung ihrer ergebnisse geforderten informationen vor vorbehaltlich der legitimen interessen der begunstigten werden diese informationen veroffentlicht"," die kommission errichtet und pflegt in zusammenarbeit mit den mitgliedstaaten eine eudatenbank mit den in absatz  genannten informationen \u00fcber hochrisikokisysteme nach artikel  absatz  die gem\u00e4\u00df artikel  registriert werden"," ein antrag auf uberprufung einer bewertung kann sich ausschlie\u00dflich auf verfahrensaspekte der bewertung beziehen die bewertung des inhaltlichen werts des vorschlags unterliegt keiner uberprufung"," fur die zwecke der festlegung der verpflichtungen nach artikel  absatze  und  pruft die kommission auch ob die beabsichtigten bzw durchgefuhrten ma\u00dfnahmen sicherstellen dass kein ungleichgewicht zwischen den rechten und pflichten der gewerblichen nutzer mehr besteht und dass die ma\u00dfnahmen dem torwachter keinen vorteil verschaffen der in anbetracht seiner dienstleistung fur die gewerblichen nutzer unverhaltnisma\u00dfig ware"," wird die genehmigung als ungerechtfertigt erachtet so muss sie von der markt\u00fcberwachungsbeh\u00f6rde des betreffenden mitgliedstaats zur\u00fcckgenommen werden"," die vom torwachter gema\u00df absatz  ernannten compliancebeauftragten haben folgende aufgaben a organisation uberwachung und beaufsichtigung der ma\u00dfnahmen und tatigkeiten des torwachters mit denen die einhaltung dieser verordnung sichergestellt werden soll b information und beratung des managements und der mitarbeiter des torwachters uber die einschlagigen verpflichtungen aus dieser verordnung c gegebenenfalls uberwachung der einhaltung der gema\u00df artikel  fur bindend erklarten verpflichtungszusagen unbeschadet der moglichkeit der kommission gema\u00df artikel  absatz  unabhangige externe sachverstandige zu benennen d zusammenarbeit mit der kommission fur die zwecke dieser verordnung"," die mit den nachprufungen beauftragten bediensteten der kommission und die anderen von ihr ermachtigten begleitpersonen sind befugt a alle raumlichkeiten grundstucke und transportmittel der unternehmen und unternehmensvereinigungen zu betreten b die bucher und sonstigen geschaftsunterlagen unabhangig davon in welcher form sie vorliegen zu prufen c kopien oder auszuge gleich in welcher form aus diesen buchern und geschaftsunterlagen anzufertigen oder zu verlangen d von dem unternehmen oder der unternehmensvereinigung erlauterungen zu der organisation der funktionsweise dem itsystem den algorithmen der datenverwaltung und dem geschaftsgebaren sowie einen entsprechenden zugang zu verlangen sowie die abgegebenen erlauterungen mit beliebigen technischen mitteln aufzuzeichnen oder zu dokumentieren e betriebliche raumlichkeiten und bucher oder unterlagen jeder art fur die dauer der nachprufung in dem hierfur erforderlichen ausma\u00df zu versiegeln f von allen vertretern oder beschaftigten des unternehmens oder der unternehmensvereinigung erlauterungen zu fakten oder unterlagen zu verlangen die mit gegenstand und zweck der nachprufung in zusammenhang stehen und ihre antworten mit beliebigen technischen mitteln zu protokoll zu nehmen","artikel  gemeinsame aufforderungen zur einreichung von vorschlagen die kommission oder die einschlagige fordereinrichtung kann eine gemeinsame aufforderung zur einreichung von vorschlagen veroffentlichen mit a drittlandern einschlie\u00dflich deren wissenschaftlichtechnischen organisationen oder agenturen b internationalen organisationen c gemeinnutzigen rechtstragern bei einer gemeinsamen aufforderung zur einreichung von vorschlagen mussen antragsteller die anforderungen des artikels  erfullen und es mussen gemeinsame verfahren fur die auswahl und bewertung der vorschlage festgelegt werden dabei ist fur die verfahren eine ausgewogene besetzung der gruppe der von jeder partei benannten sachverstandigen zu gewahrleisten"," die eingereichten vorschlage werden nach folgenden zuschlagskriterien bewertet a exzellenz b wirkung c das risikoniveau der ma\u00dfnahme das investitionen verhindern wurde die qualitat und die wirksamkeit der durchfuhrung und die notwendigkeit der unterstutzung durch die union"," die uberprufung der bewertung darf das verfahren fur die auswahl der vorschlage bei denen keine uberprufung beantragt worden ist nicht verzogern"," die unternehmen oder unternehmensvereinigungen oder ihre vertreter erteilen die verlangten auskunfte im namen des betreffenden unternehmens oder der betreffenden unternehmensvereinigung ordnungsgema\u00df bevollmachtigte rechtsanwalte konnen die auskunfte im namen ihrer mandanten erteilen letztere bleiben in vollem umfang dafur ve