<div>                        <script type="text/javascript">window.PlotlyConfig = {MathJaxConfig: 'local'};</script>
        <script src="https://cdn.plot.ly/plotly-2.16.1.min.js"></script>                <div id="445bf6fb-9698-409d-a2fc-5bffb4371b6b" class="plotly-graph-div" style="height:800px; width:800px;"></div>            <script type="text/javascript">                                    window.PLOTLYENV=window.PLOTLYENV || {};                                    if (document.getElementById("445bf6fb-9698-409d-a2fc-5bffb4371b6b")) {                    Plotly.newPlot(                        "445bf6fb-9698-409d-a2fc-5bffb4371b6b",                        [{"coloraxis":"coloraxis","name":"0","x":["0_torwachter_unternehmen_pl...","1_hochrisikokisystem_hochri...","2_daten_weiterverwendung_re...","3_kosten_rahmen_haushaltsor...","4_programm_programms_partne...","5_ausschuss_benannten_aussc...","6_torwachter_endnutzer_endn...","7_datenvermittlungsdiensten...","8_gilt_nr_geschaftstatigkeit","9_rat_parlament_widerruf","10_notifizierten_stellen_no...","11_normen_entwicklung_berat...","12_dateninhaber_daten_stelle","13_datenaltruistischen_orga...","14_vorschriften_durchsetzun..."],"y":["0_torwachter_unternehmen_pl...","1_hochrisikokisystem_hochri...","2_daten_weiterverwendung_re...","3_kosten_rahmen_haushaltsor...","4_programm_programms_partne...","5_ausschuss_benannten_aussc...","6_torwachter_endnutzer_endn...","7_datenvermittlungsdiensten...","8_gilt_nr_geschaftstatigkeit","9_rat_parlament_widerruf","10_notifizierten_stellen_no...","11_normen_entwicklung_berat...","12_dateninhaber_daten_stelle","13_datenaltruistischen_orga...","14_vorschriften_durchsetzun..."],"z":[[0.9999999999999996,0.7698569968168134,0.906763687704,0.8617376255384694,0.8346103946944194,0.8846313086127973,0.9124810855867822,0.8528583959771401,0.9392326490782341,0.8459851727201256,0.8642184355759575,0.8796147780121,0.7824155536690716,0.812408172344454,0.9277100490216718],[0.7698569968168134,1.0,0.7565796627190464,0.7965050403095668,0.7457609160458819,0.7647959331370403,0.785916103919556,0.7843958645791291,0.7587310954162454,0.6900590114146721,0.675892909110752,0.7676694039558886,0.6177498010476541,0.6838323411660626,0.7617770040189168],[0.906763687704,0.7565796627190464,1.0000000000000009,0.8708695596287526,0.8502744339883657,0.8786029921036034,0.906301773434741,0.8495690001799233,0.923908877276574,0.8446806033403218,0.8850827601387317,0.9052193141296063,0.8710080185389418,0.8486552412447014,0.9300332272117466],[0.8617376255384694,0.7965050403095668,0.8708695596287526,1.0000000000000007,0.8863256961289134,0.8586564603048672,0.8594346047386261,0.8116747067396255,0.8530249456497339,0.8000431520728074,0.8164224331696011,0.860127196396685,0.7592202367808685,0.7967424154645661,0.889075409497353],[0.8346103946944194,0.7457609160458819,0.8502744339883657,0.8863256961289134,1.0000000000000004,0.8698245072398654,0.8768438420481544,0.8255311228056817,0.8375473312725514,0.79098143911846,0.8081355849462402,0.8616318837313923,0.7436865481558822,0.8153726920818496,0.8787366216870796],[0.8846313086127973,0.7647959331370403,0.8786029921036034,0.8586564603048672,0.8698245072398654,0.9999999999999993,0.8867424727197835,0.8122683986481033,0.8965619891957515,0.8855304888315638,0.8792237852495222,0.8699509989631091,0.753782399301532,0.8531550162335757,0.9323059578804322],[0.9124810855867822,0.785916103919556,0.906301773434741,0.8594346047386261,0.8768438420481544,0.8867424727197835,1.0000000000000002,0.857275291795828,0.9198265701844606,0.8336189696030994,0.8765091492238755,0.8720114645408643,0.8142702422183667,0.8512011115344967,0.9260883063235131],[0.8528583959771401,0.7843958645791291,0.8495690001799233,0.8116747067396255,0.8255311228056817,0.8122683986481033,0.857275291795828,0.9999999999999996,0.8079994518928444,0.6860280171817155,0.803537846790231,0.8415052873529085,0.7857618175544631,0.8495009129963276,0.836889222142875],[0.9392326490782341,0.7587310954162454,0.923908877276574,0.8530249456497339,0.8375473312725514,0.8965619891957515,0.9198265701844606,0.8079994518928444,1.0,0.8574968870108632,0.8823492468657437,0.8993436196014142,0.7989181175692004,0.8255785437687648,0.9533396891749255],[0.8459851727201256,0.6900590114146721,0.8446806033403218,0.8000431520728074,0.79098143911846,0.8855304888315638,0.8336189696030994,0.6860280171817155,0.8574968870108632,0.9999999999999997,0.7950030073314804,0.8315195812850609,0.6992076105937184,0.7429066579745158,0.8834732248189483],[0.8642184355759575,0.675892909110752,0.8850827601387317,0.8164224331696011,0.8081355849462402,0.8792237852495222,0.8765091492238755,0.803537846790231,0.8823492468657437,0.7950030073314804,1.0000000000000004,0.8555973252210891,0.784208074981808,0.8613555856801025,0.9121552429250068],[0.8796147780121,0.7676694039558886,0.9052193141296063,0.860127196396685,0.8616318837313923,0.8699509989631091,0.8720114645408643,0.8415052873529085,0.8993436196014142,0.8315195812850609,0.8555973252210891,0.9999999999999993,0.7816763673089344,0.849978474206008,0.9256699562567976],[0.7824155536690716,0.6177498010476541,0.8710080185389418,0.7592202367808685,0.7436865481558822,0.753782399301532,0.8142702422183667,0.7857618175544631,0.7989181175692004,0.6992076105937184,0.784208074981808,0.7816763673089344,0.9999999999999998,0.8543217289702059,0.7900227058899565],[0.812408172344454,0.6838323411660626,0.8486552412447014,0.7967424154645661,0.8153726920818496,0.8531550162335757,0.8512011115344967,0.8495009129963276,0.8255785437687648,0.7429066579745158,0.8613555856801025,0.849978474206008,0.8543217289702059,0.9999999999999998,0.8560316054785033],[0.9277100490216718,0.7617770040189168,0.9300332272117466,0.889075409497353,0.8787366216870796,0.9323059578804322,0.9260883063235131,0.836889222142875,0.9533396891749255,0.8834732248189483,0.9121552429250068,0.9256699562567976,0.7900227058899565,0.8560316054785033,1.0000000000000002]],"type":"heatmap","xaxis":"x","yaxis":"y","hovertemplate":"x: %{x}<br>y: %{y}<br>Similarity Score: %{z}<extra></extra>"}],                        {"template":{"data":{"histogram2dcontour":[{"type":"histogram2dcontour","colorbar":{"outlinewidth":0,"ticks":""},"colorscale":[[0.0,"#0d0887"],[0.1111111111111111,"#46039f"],[0.2222222222222222,"#7201a8"],[0.3333333333333333,"#9c179e"],[0.4444444444444444,"#bd3786"],[0.5555555555555556,"#d8576b"],[0.6666666666666666,"#ed7953"],[0.7777777777777778,"#fb9f3a"],[0.8888888888888888,"#fdca26"],[1.0,"#f0f921"]]}],"choropleth":[{"type":"choropleth","colorbar":{"outlinewidth":0,"ticks":""}}],"histogram2d":[{"type":"histogram2d","colorbar":{"outlinewidth":0,"ticks":""},"colorscale":[[0.0,"#0d0887"],[0.1111111111111111,"#46039f"],[0.2222222222222222,"#7201a8"],[0.3333333333333333,"#9c179e"],[0.4444444444444444,"#bd3786"],[0.5555555555555556,"#d8576b"],[0.6666666666666666,"#ed7953"],[0.7777777777777778,"#fb9f3a"],[0.8888888888888888,"#fdca26"],[1.0,"#f0f921"]]}],"heatmap":[{"type":"heatmap","colorbar":{"outlinewidth":0,"ticks":""},"colorscale":[[0.0,"#0d0887"],[0.1111111111111111,"#46039f"],[0.2222222222222222,"#7201a8"],[0.3333333333333333,"#9c179e"],[0.4444444444444444,"#bd3786"],[0.5555555555555556,"#d8576b"],[0.6666666666666666,"#ed7953"],[0.7777777777777778,"#fb9f3a"],[0.8888888888888888,"#fdca26"],[1.0,"#f0f921"]]}],"heatmapgl":[{"type":"heatmapgl","colorbar":{"outlinewidth":0,"ticks":""},"colorscale":[[0.0,"#0d0887"],[0.1111111111111111,"#46039f"],[0.2222222222222222,"#7201a8"],[0.3333333333333333,"#9c179e"],[0.4444444444444444,"#bd3786"],[0.5555555555555556,"#d8576b"],[0.6666666666666666,"#ed7953"],[0.7777777777777778,"#fb9f3a"],[0.8888888888888888,"#fdca26"],[1.0,"#f0f921"]]}],"contourcarpet":[{"type":"contourcarpet","colorbar":{"outlinewidth":0,"ticks":""}}],"contour":[{"type":"contour","colorbar":{"outlinewidth":0,"ticks":""},"colorscale":[[0.0,"#0d0887"],[0.1111111111111111,"#46039f"],[0.2222222222222222,"#7201a8"],[0.3333333333333333,"#9c179e"],[0.4444444444444444,"#bd3786"],[0.5555555555555556,"#d8576b"],[0.6666666666666666,"#ed7953"],[0.7777777777777778,"#fb9f3a"],[0.8888888888888888,"#fdca26"],[1.0,"#f0f921"]]}],"surface":[{"type":"surface","colorbar":{"outlinewidth":0,"ticks":""},"colorscale":[[0.0,"#0d0887"],[0.1111111111111111,"#46039f"],[0.2222222222222222,"#7201a8"],[0.3333333333333333,"#9c179e"],[0.4444444444444444,"#bd3786"],[0.5555555555555556,"#d8576b"],[0.6666666666666666,"#ed7953"],[0.7777777777777778,"#fb9f3a"],[0.8888888888888888,"#fdca26"],[1.0,"#f0f921"]]}],"mesh3d":[{"type":"mesh3d","colorbar":{"outlinewidth":0,"ticks":""}}],"scatter":[{"fillpattern":{"fillmode":"overlay","size":10,"solidity":0.2},"type":"scatter"}],"parcoords":[{"type":"parcoords","line":{"colorbar":{"outlinewidth":0,"ticks":""}}}],"scatterpolargl":[{"type":"scatterpolargl","marker":{"colorbar":{"outlinewidth":0,"ticks":""}}}],"bar":[{"error_x":{"color":"#2a3f5f"},"error_y":{"color":"#2a3f5f"},"marker":{"line":{"color":"#E5ECF6","width":0.5},"pattern":{"fillmode":"overlay","size":10,"solidity":0.2}},"type":"bar"}],"scattergeo":[{"type":"scattergeo","marker":{"colorbar":{"outlinewidth":0,"ticks":""}}}],"scatterpolar":[{"type":"scatterpolar","marker":{"colorbar":{"outlinewidth":0,"ticks":""}}}],"histogram":[{"marker":{"pattern":{"fillmode":"overlay","size":10,"solidity":0.2}},"type":"histogram"}],"scattergl":[{"type":"scattergl","marker":{"colorbar":{"outlinewidth":0,"ticks":""}}}],"scatter3d":[{"type":"scatter3d","line":{"colorbar":{"outlinewidth":0,"ticks":""}},"marker":{"colorbar":{"outlinewidth":0,"ticks":""}}}],"scattermapbox":[{"type":"scattermapbox","marker":{"colorbar":{"outlinewidth":0,"ticks":""}}}],"scatterternary":[{"type":"scatterternary","marker":{"colorbar":{"outlinewidth":0,"ticks":""}}}],"scattercarpet":[{"type":"scattercarpet","marker":{"colorbar":{"outlinewidth":0,"ticks":""}}}],"carpet":[{"aaxis":{"endlinecolor":"#2a3f5f","gridcolor":"white","linecolor":"white","minorgridcolor":"white","startlinecolor":"#2a3f5f"},"baxis":{"endlinecolor":"#2a3f5f","gridcolor":"white","linecolor":"white","minorgridcolor":"white","startlinecolor":"#2a3f5f"},"type":"carpet"}],"table":[{"cells":{"fill":{"color":"#EBF0F8"},"line":{"color":"white"}},"header":{"fill":{"color":"#C8D4E3"},"line":{"color":"white"}},"type":"table"}],"barpolar":[{"marker":{"line":{"color":"#E5ECF6","width":0.5},"pattern":{"fillmode":"overlay","size":10,"solidity":0.2}},"type":"barpolar"}],"pie":[{"automargin":true,"type":"pie"}]},"layout":{"autotypenumbers":"strict","colorway":["#636efa","#EF553B","#00cc96","#ab63fa","#FFA15A","#19d3f3","#FF6692","#B6E880","#FF97FF","#FECB52"],"font":{"color":"#2a3f5f"},"hovermode":"closest","hoverlabel":{"align":"left"},"paper_bgcolor":"white","plot_bgcolor":"#E5ECF6","polar":{"bgcolor":"#E5ECF6","angularaxis":{"gridcolor":"white","linecolor":"white","ticks":""},"radialaxis":{"gridcolor":"white","linecolor":"white","ticks":""}},"ternary":{"bgcolor":"#E5ECF6","aaxis":{"gridcolor":"white","linecolor":"white","ticks":""},"baxis":{"gridcolor":"white","linecolor":"white","ticks":""},"caxis":{"gridcolor":"white","linecolor":"white","ticks":""}},"coloraxis":{"colorbar":{"outlinewidth":0,"ticks":""}},"colorscale":{"sequential":[[0.0,"#0d0887"],[0.1111111111111111,"#46039f"],[0.2222222222222222,"#7201a8"],[0.3333333333333333,"#9c179e"],[0.4444444444444444,"#bd3786"],[0.5555555555555556,"#d8576b"],[0.6666666666666666,"#ed7953"],[0.7777777777777778,"#fb9f3a"],[0.8888888888888888,"#fdca26"],[1.0,"#f0f921"]],"sequentialminus":[[0.0,"#0d0887"],[0.1111111111111111,"#46039f"],[0.2222222222222222,"#7201a8"],[0.3333333333333333,"#9c179e"],[0.4444444444444444,"#bd3786"],[0.5555555555555556,"#d8576b"],[0.6666666666666666,"#ed7953"],[0.7777777777777778,"#fb9f3a"],[0.8888888888888888,"#fdca26"],[1.0,"#f0f921"]],"diverging":[[0,"#8e0152"],[0.1,"#c51b7d"],[0.2,"#de77ae"],[0.3,"#f1b6da"],[0.4,"#fde0ef"],[0.5,"#f7f7f7"],[0.6,"#e6f5d0"],[0.7,"#b8e186"],[0.8,"#7fbc41"],[0.9,"#4d9221"],[1,"#276419"]]},"xaxis":{"gridcolor":"white","linecolor":"white","ticks":"","title":{"standoff":15},"zerolinecolor":"white","automargin":true,"zerolinewidth":2},"yaxis":{"gridcolor":"white","linecolor":"white","ticks":"","title":{"standoff":15},"zerolinecolor":"white","automargin":true,"zerolinewidth":2},"scene":{"xaxis":{"backgroundcolor":"#E5ECF6","gridcolor":"white","linecolor":"white","showbackground":true,"ticks":"","zerolinecolor":"white","gridwidth":2},"yaxis":{"backgroundcolor":"#E5ECF6","gridcolor":"white","linecolor":"white","showbackground":true,"ticks":"","zerolinecolor":"white","gridwidth":2},"zaxis":{"backgroundcolor":"#E5ECF6","gridcolor":"white","linecolor":"white","showbackground":true,"ticks":"","zerolinecolor":"white","gridwidth":2}},"shapedefaults":{"line":{"color":"#2a3f5f"}},"annotationdefaults":{"arrowcolor":"#2a3f5f","arrowhead":0,"arrowwidth":1},"geo":{"bgcolor":"white","landcolor":"#E5ECF6","subunitcolor":"white","showland":true,"showlakes":true,"lakecolor":"white"},"title":{"x":0.05},"mapbox":{"style":"light"}}},"xaxis":{"anchor":"y","domain":[0.0,1.0],"scaleanchor":"y","constrain":"domain"},"yaxis":{"anchor":"x","domain":[0.0,1.0],"autorange":"reversed","constrain":"domain"},"coloraxis":{"colorbar":{"title":{"text":"Similarity Score"}},"colorscale":[[0.0,"rgb(247,252,240)"],[0.125,"rgb(224,243,219)"],[0.25,"rgb(204,235,197)"],[0.375,"rgb(168,221,181)"],[0.5,"rgb(123,204,196)"],[0.625,"rgb(78,179,211)"],[0.75,"rgb(43,140,190)"],[0.875,"rgb(8,104,172)"],[1.0,"rgb(8,64,129)"]]},"margin":{"t":60},"title":{"text":"eu_daten_ki__n_neighbors = 20 min_dist = 0.1 min_cluster = 20 min_sample = 5"},"hoverlabel":{"font":{"size":16,"family":"Rockwell"},"bgcolor":"white"},"width":800,"height":800,"showlegend":true,"legend":{"title":{"text":"Trend"}}},                        {"responsive": true}                    )                };                            </script>        </div><div>                        <script type="text/javascript">window.PlotlyConfig = {MathJaxConfig: 'local'};</script>
        <script src="https://cdn.plot.ly/plotly-2.16.1.min.js"></script>                <div id="4d9aff04-56af-4171-a86e-12ac47745c31" class="plotly-graph-div" style="height:750px; width:1200px;"></div>            <script type="text/javascript">                                    window.PLOTLYENV=window.PLOTLYENV || {};                                    if (document.getElementById("4d9aff04-56af-4171-a86e-12ac47745c31")) {                    Plotly.newPlot(                        "4d9aff04-56af-4171-a86e-12ac47745c31",                        [{"hoverinfo":"text","hovertext":[" mussen sich unabhangige externe sachverstandige mit verschlusssachen befassen ist der entsprechende sicherheitsbescheid vorzulegen bevor diese sachverstandigen ernannt werden"," ma\u00dfnahmen die die in den absatzen  bis  genannten ethischen anforderungen nicht erfullen und somit ethisch nicht vertretbar sind werden abgelehnt oder beendet sobald die ethische nichtvertretbarkeit festgestellt wurde"," ein mitgliedstaat kann die m\u00f6glichkeit einer vollst\u00e4ndigen oder teilweisen genehmigung der verwendung biometrischer echtzeitidentifizierungssysteme in \u00f6ffentlich zug\u00e4nglichen r\u00e4umen zu strafverfolgungszwecken innerhalb der in absatz  buchstabe d absatz  und absatz  aufgef\u00fchrten grenzen und unter den dort genannten bedingungen vorsehen dieser mitgliedstaat legt in seinem nationalen recht die erforderlichen detaillierten vorschriften f\u00fcr die beantragung erteilung und aus\u00fcbung der in absatz  genannten genehmigungen sowie f\u00fcr die entsprechende beaufsichtigung fest in diesen vorschriften wird auch festgelegt im hinblick auf welche der in absatz  buchstabe d genannten ziele und welche der unter ziffer iii genannten straftaten die zust\u00e4ndigen beh\u00f6rden erm\u00e4chtigt werden k\u00f6nnen diese systeme zu strafverfolgungszwecken zu verwenden"," sind die in absatz  oder  festgelegten bedingungen nicht erfullt so ubertragt die offentliche stelle die naturliche oder juristische person der das recht auf weiterverwendung von daten nach kapitel ii gewahrt wurde der anbieter von datenvermittlungsdiensten oder die anerkannte datenaltruistische organisation aufgrund einer vertretbaren auslegung des ersuchens nur die auf das ersuchen hin zulassige mindestmenge an daten"," die kommission und der ausschuss ber\u00fccksichtigen die besonderen interessen und bed\u00fcrfnisse von kleinanbietern und startups bei der f\u00f6rderung und erleichterung der aufstellung von verhaltenskodizes"," das programm wird in direkter mittelverwaltung oder in indirekter mittelverwaltung durch die fordereinrichtungen durchgefuhrt"," die mischfinanzierung im rahmen von horizont europa kann fur eine kofinanzierungsma\u00dfnahme des programms fur den fall gewahrt werden dass ein gemeinsames programm von mitgliedstaaten und assoziierten landern den einsatz von finanzierungsinstrumenten zur unterstutzung ausgewahlter ma\u00dfnahmen vorsieht bewertung und auswahl solcher ma\u00dfnahmen erfolgen nach den artikeln      und  fur die durchfuhrungsbedingungen fur eine mischfinanzierung im rahmen von horizont europa gelten artikel  und sinngema\u00df artikel  absatz  sowie zusatzliche und gerechtfertigte im arbeitsprogramm festgelegte bedingungen"," der mechanismus kann auf begunstigte anderer direkt verwalteter unionsprogramme ausgeweitet werden die kommission erlasst die bedingungen fur die teilnahme begunstigter anderer programme"," anbieter die au\u00dferhalb der union niedergelassen sind benennen vor der bereitstellung ihrer systeme in der union schriftlich einen in der union niedergelassenen bevollm\u00e4chtigten wenn kein einf\u00fchrer festgestellt werden kann"," bei den forschungs und innovationstatigkeiten die im rahmen des in artikel  absatz  buchstabe a genannten spezifischen programms und im rahmen des eit durchgefuhrt werden liegt der schwerpunkt ausschlie\u00dflich auf zivilen anwendungen mittelubertragungen zwischen dem betrag der dem in artikel  absatz  buchstabe a genannten spezifischen programm und dem eit zugewiesen wurde und dem betrag der dem in artikel  absatz  buchstabe c genannten spezifischen programm zugewiesen wurde sind nicht zulassig und unnotige doppelarbeit zwischen den beiden programmen sind zu vermeiden"," die kommission oder die einschlagige fordereinrichtung ergreift angemessene ma\u00dfnahmen zur vorbeugung von interessenkonflikten im zusammenhang mit der beteiligung unabhangiger externer sachverstandiger gema\u00df artikel  und artikel  absatz  der haushaltsordnung die kommission oder die einschlagige fordereinrichtung stellt sicher dass ein experte der sich bei einer frage zu der er sich au\u00dfern soll in einem interessenkonflikt befindet zu dieser speziellen frage weder bewertungen oder beratungen abgibt noch unterstutzend tatig wird"," das sicherheitsniveau gegebenenfalls einschlie\u00dflich der endezuendeverschlusselung das der torwachter seinen eigenen endnutzern bietet muss bei allen interoperablen diensten beibehalten werden"," es wird ein auf gegenseitigkeit beruhender versicherungsmechanismus im folgenden mechanismus eingerichtet der den nach artikel  der verordnung eu nr  eingerichteten fonds ersetzt und dessen rechtsnachfolger ist zweck des mechanismus ist es die risiken abzusichern die sich aus der uneinbringlichkeit der betrage ergeben die begunstigte a nach beschluss nr eg des europaischen parlaments und des rates  der kommission schulden b im zusammenhang mit dem programm horizont  der kommission und einrichtungen der union schulden c im zusammenhang mit dem programm der kommission und fordereinrichtungen schulden die absicherung der risiken der in buchstabe c genannten fordereinrichtungen kann moglicherweise im rahmen eines indirekten risikodeckungssystems erfolgen das in der anwendbaren vereinbarung und unter berucksichtigung der art der fordereinrichtung festgelegt wird","die streitbeilegungsstellen verweigern die bearbeitung eines \r\nstreitbeilegungsantrags der bereits bei einer anderen streitbeilegungsstelle oder \r\neinem gericht eines mitgliedstaats eingereicht wurde \r\n"," diese verordnung beruhrt nicht die anwendung der artikel  und  aeuv sie lasst auch die anwendung der folgenden vorschriften unberuhrt a nationaler wettbewerbsvorschriften zum verbot von wettbewerbswidrigen vereinbarungen beschlussen von unternehmensvereinigungen aufeinander abgestimmten verhaltensweisen und der missbrauchlichen ausnutzung einer beherrschenden stellung b nationaler wettbewerbsvorschriften mit denen andere formen einseitiger verhaltensweisen verboten werden soweit sie auf andere unternehmen als torwachter angewandt werden oder torwachtern damit weitere verpflichtungen auferlegt werden und c der verordnung eg nr  des rates  und nationaler fusionskontrollvorschriften"," soweit in diesem kapitel nicht anders angegeben werden die uber das programm vergebenen anreizpramien oder anerkennungspreise nach titel ix der haushaltsordnung gewahrt und verwaltet"," beabsichtigt die kommission eine marktuntersuchung im hinblick auf den moglichen erlass von beschlussen nach artikel   oder  einzuleiten so erlasst sie einen beschluss zur einleitung einer marktuntersuchung","artikel  begriffsbestimmungen fur die zwecke dieser verordnung bezeichnet der ausdruck  daten jede digitale darstellung von handlungen tatsachen oder informationen sowie jede zusammenstellung solcher handlungen tatsachen oder informationen auch in form von ton bild oder audiovisuellem material  weiterverwendung die nutzung von daten die im besitz offentlicher stellen sind durch naturliche oder juristische personen fur kommerzielle oder nichtkommerzielle zwecke die sich von dem ursprunglichen zweck im rahmen des offentlichen auftrags fur den die daten erstellt wurden unterscheiden abgesehen vom austausch von daten zwischen offentlichen stellen ausschlie\u00dflich im rahmen der erfullung ihres offentlichen auftrags  personenbezogene daten personenbezogene daten im sinne des artikels  nummer  der verordnung eu   nicht personenbezogene daten daten die keine personenbezogenen daten sind  einwilligung eine einwilligung im sinne des artikels  nummer  der verordnung eu   erlaubnis dass datennutzern das recht auf verarbeitung nicht personenbezogener daten eingeraumt wird  betroffene person eine betroffene person im sinne von artikel  nummer  der verordnung eu   dateninhaber eine juristische person einschlie\u00dflich offentlichen stellen und internationalen organisationen oder naturlichen person die in bezug auf die betreffenden daten keine betroffene person ist welche nach geltendem unionsrecht oder geltendem nationalen recht berechtigt ist zugang zu bestimmten personenbezogenen daten oder nicht personenbezogenen daten zu gewahren oder diese daten weiterzugeben  datennutzer eine naturliche oder juristische person die rechtma\u00dfig zugang zu bestimmten personenbezogenen oder nicht personenbezogenen daten hat und im fall personenbezogener daten unter anderem nach der verordnung eu  berechtigt ist diese daten fur kommerzielle oder nichtkommerzielle zwecke zu nutzen  gemeinsame datennutzung die entgeltliche oder unentgeltliche bereitstellung von daten durch eine betroffene person oder einen dateninhaber an einen datennutzer fur die gemeinschaftliche oder individuelle nutzung dieser daten auf der grundlage freiwilliger vereinbarungen des unionsrechts oder des nationalen rechts sowohl direkt als auch uber einen mittler etwa im rahmen von gebuhrenpflichtigen oder gebuhrenfreien offenen oder kommerziellen lizenzen  datenvermittlungsdienst einen dienst mit dem durch technische rechtliche oder sonstige mittel geschaftsbeziehungen zwischen einer unbestimmten anzahl von betroffenen personen oder dateninhabern einerseits und datennutzern andererseits hergestellt werden sollen um die gemeinsame datennutzung auch fur die zwecke der ausubung der rechte betroffener personen in bezug auf personenbezogene daten zu ermoglichen und die zumindest folgendes nicht umfassen a dienste in deren rahmen daten von dateninhabern eingeholt und aggregiert angereichert oder umgewandelt werden um deren wert erheblich zu steigern und lizenzen fur die nutzung der resultierenden daten an die datennutzer vergeben werden ohne eine geschaftsbeziehung zwischen dateninhabern und datennutzern herzustellen b dienste deren schwerpunkt auf der vermittlung urheberrechtlich geschutzter inhalte liegt c dienste die ausschlie\u00dflich von einem dateninhaber genutzt werden um die verwendung von im besitz dieses dateninhabers befindlichen daten zu ermoglichen oder die von mehreren juristischen personen in einer geschlossenen gruppe einschlie\u00dflich lieferanten oder kundenbeziehungen oder vertraglich festgelegter kooperationen genutzt werden insbesondere wenn deren hauptziel darin besteht funktionen von gegenstanden und geraten im zusammenhang mit dem internet der dinge sicherzustellen d datenvermittlungsdienste die von offentlichen stellen ohne die absicht der herstellung von geschaftsbeziehungen angeboten werden  verarbeitung die verarbeitung im sinne von artikel  nummer  der verordnung eu  im hinblick auf personenbezogene daten oder artikel  nummer  der verordnung eu  im hinblick auf nicht personenbezogene daten  zugang die datennutzung im einklang mit bestimmten technischen rechtlichen oder organisatorischen anforderungen ohne dass daten hierzu zwingend ubertragen oder heruntergeladen werden mussen  hauptniederlassung einer juristischen person den ort an dem sich ihre hauptverwaltung in der union befindet  dienste von datengenossenschaften datenvermittlungsdienste die von einer organisationsstruktur angeboten werden welche sich aus betroffenen personen einpersonenunternehmen oder kmu die in dieser struktur mitglied sind zusammensetzt und deren hauptzwecke in der unterstutzung ihrer mitglieder bei der ausubung ihrer rechte in bezug auf bestimmte daten bestehen unter anderem beim treffen einer sachkundigen entscheidung vor der einwilligung zur datenverarbeitung beim meinungsaustausch uber die den interessen ihrer mitglieder im zusammenhang mit ihren daten am besten entsprechenden zwecke und bedingungen der datenverarbeitung und beim aushandeln der bedingungen der datenverarbeitung im namen der mitglieder bevor die erlaubnis zur verarbeitung nicht personenbezogener daten erteilt oder in die verarbeitung personenbezogener daten eingewilligt wird  datenaltruismus die freiwillige gemeinsame nutzung von daten auf der grundlage der einwilligung betroffener personen zur verarbeitung der sie betreffenden personenbezogenen daten oder einer erlaubnis anderer dateninhaber zur nutzung ihrer nicht personenbezogenen daten ohne hierfur ein entgelt zu fordern oder zu erhalten das uber eine entschadigung fur die ihnen durch die bereitstellung ihrer daten entstandenen kosten hinausgeht fur ziele von allgemeinem interesse gema\u00df dem nationalen recht wie die gesundheitsversorgung die bekampfung des klimawandels die verbesserung der mobilitat die einfachere entwicklung erstellung und verbreitung amtlicher statistiken die verbesserung der erbringung offentlicher dienstleistungen die staatliche entscheidungsfindung oder die wissenschaftliche forschung im allgemeinen interesse  offentliche stelle den staat gebietskorperschaften einrichtungen des offentlichen rechts oder verbande die aus einer oder mehreren dieser korperschaften oder einer oder mehreren dieser einrichtungen des offentlichen rechts bestehen  einrichtungen des offentlichen rechts einrichtungen die die folgenden eigenschaften aufweisen a sie wurden zu dem besonderen zweck gegrundet im allgemeinen interesse liegende aufgaben zu erfullen und haben keinen gewerblichen oder kommerziellen charakter b sie besitzen rechtspersonlichkeit c sie werden uberwiegend vom staat von gebietskorperschaften oder von anderen einrichtungen des offentlichen rechts finanziert unterstehen hinsichtlich ihrer leitung der aufsicht dieser korperschaften oder einrichtungen oder haben ein verwaltungs leitungs beziehungsweise aufsichtsorgan das mehrheitlich aus mitgliedern besteht die vom staat von gebietskorperschaften oder von anderen einrichtungen des offentlichen rechts ernannt worden sind  offentliches unternehmen ein unternehmen auf das offentliche stellen aufgrund ihres eigentums ihrer finanziellen beteiligung oder der fur das unternehmen geltenden bestimmungen unmittelbar oder mittelbar einen beherrschenden einfluss ausuben konnen von einem beherrschenden einfluss der offentlichen stellen ist im sinne dieser begriffsbestimmung in jedem der folgenden falle auszugehen in denen diese stellen unmittelbar oder mittelbar a die mehrheit des gezeichneten kapitals des unternehmens halten b uber die mehrheit der mit den anteilen am unternehmen verbundenen stimmrechte verfugen c mehr als die halfte der mitglieder des verwaltungs leitungs oder aufsichtsorgans des unternehmens ernennen konnen  sichere verarbeitungsumgebung die physische oder virtuelle umgebung und die organisatorischen mittel mit denen die einhaltung der anforderungen des unionsrechts wie der verordnung eu  insbesondere im hinblick auf die rechte der betroffenen personen der rechte des geistigen eigentums und der geschaftlichen und statistischen vertraulichkeit der integritat und der verfugbarkeit sowie des geltenden unionsrechts und des nationalen rechts gewahrleistet wird und die es der einrichtung die die sichere verarbeitungsumgebung bereitstellt ermoglichen alle datenverarbeitungsvorgange zu bestimmen und zu beaufsichtigen darunter auch das anzeigen speichern herunterladen und exportieren von daten und das berechnen abgeleiteter daten mithilfe von rechenalgorithmen  gesetzlicher vertreter eine in der union niedergelassene naturliche oder juristische person die ausdrucklich benannt wurde um im auftrag eines nicht in der union niedergelassenen anbieters von datenvermittlungsdiensten oder einer einrichtung die von naturlichen oder juristischen personen auf der grundlage des datenaltruismus fur ziele von allgemeinem interesse zur verfugung gestellte daten erhebt zu handeln und an die sich die fur die datenvermittlungsdienste zustandigen behorden und die fur die registrierung datenaltruistischer organisationen zustandigen behorden hinsichtlich der verpflichtungen nach dieser verordnung ausschlie\u00dflich oder zusatzlich zu den betreffenden anbietern von datenvermittlungsdiensten bzw den betreffenden einrichtungen wenden auch um gegen einen nicht in der union niedergelassenen anbieter von datenvermittlungsdiensten oder eine nicht in der union niedergelassene einrichtung der bzw die die vorschriften nicht einhalt durchsetzungsverfahren einzuleiten","der mitgliedstaat in dem die streitbeilegungsstelle niedergelassen ist l\u00e4sst diese \r\nstelle auf deren antrag hin zu nachdem die stelle nachgewiesen hat dass sie alle \r\nfolgenden bedingungen erf\u00fcllt \r\na sie ist unparteiisch und unabh\u00e4ngig und wird ihre entscheidungen nach klaren \r\nund fairen verfahrensregeln treffen \r\nb sie verf\u00fcgt \u00fcber das erforderliche fachwissen in bezug auf die festlegung \r\nfairer angemessener und nichtdiskriminierender bedingungen f\u00fcr die \r\nbereitstellung von daten und die transparente art und weise ihrer \r\nbereitstellung das es der stelle erm\u00f6glicht solche bedingungen wirksam \r\nfestzulegen \r\nc sie ist \u00fcber elektronische kommunikationsmittel leicht erreichbar \r\nd sie ist in der lage ihre entscheidungen rasch effizient und kosteng\u00fcnstig in \r\nmindestens einer amtssprache der union zu treffen \r\nist in einem mitgliedstaat bis zum datum des geltungsbeginns der verordnung \r\nkeine streitbeilegungsstelle zugelassen worden so richtet dieser mitgliedstaat eine \r\nstreitbeilegungsstelle ein die die in den buchstaben a bis d dieses absatzes \r\ngenannten bedingungen erf\u00fcllt und l\u00e4sst diese zu \r\n","einspruch gegen entscheidungen notifizierter stellen die mitgliedstaaten stellen sicher dass ein einspruchsverfahren gegen die entscheidungen der notifizierten stelle f\u00fcr beteiligte vorgesehen ist die ein berechtigtes interesse an einer solchen entscheidung haben"," die kommission oder die einschlagige fordereinrichtung sorgt dafur dass allen potenziellen teilnehmern zum zeitpunkt der veroffentlichung der aufforderung zur einreichung von vorschlagen ausreichende beratung und information insbesondere die geltende musterfinanzhilfevereinbarung zur verfugung stehen"," mit zustimmung der betreffenden antragsteller konnen die kommission oder die fordereinrichtungen einschlie\u00dflich der kics des eit die das programm durchfuhren einen vorschlag fur eine innovations und markteinfuhrungsma\u00dfnahme der die zuschlagskriterien nach absatz  buchstaben a und b bereits erfullt direkt zur bewertung nach dem gewahrungskriterium nach absatz  buchstabe c einreichen sofern die nachstehenden bedingungen kumulativ erfullt sind a der vorschlag stammt aus einer anderen von horizont  oder durch das programm geforderten ma\u00dfnahme oder vorbehaltlich einer im ersten arbeitsprogramm zu startenden sondierenden pilotphase aus nationalen undoder regionalen programmen angefangen bei einer erfassung des bedarfs nach einer solchen regelung die ausfuhrlichen bestimmungen werden im spezifischen programm gema\u00df artikel  absatz  buchstabe a festgelegt b der vorschlag beruht auf einer innerhalb der letzten zwei jahre durchgefuhrten projektprufung bei der exzellenz und wirkung des vorschlags bewertet wurden vorbehaltlich der bedingungen und verfahren die im arbeitsprogramm naher festgelegt sind"," rechtstrager die an einer ma\u00dfnahme teilnehmen gewahrleisten den schutz der bei dieser ma\u00dfnahme verwendeten oder generierten verschlusssachen gegen unbefugte weitergabe vor aufnahme der betreffenden tatigkeiten legen sie den von der jeweiligen nationalen sicherheitsbehorde ausgestellten sicherheitsbescheid fur personen oder einrichtungen vor","\u00e4nderung der verordnung eu nr  in artikel  absatz  der verordnung eg nr  wird folgender unterabsatz angef\u00fcgt beim erlass delegierter rechtsakte nach unterabsatz  die sich auf systeme der k\u00fcnstlichen intelligenz beziehen bei denen es sich um sicherheitskomponenten im sinne der verordnung eu yyyxx \u00fcber k\u00fcnstliche intelligenz des europ\u00e4ischen parlaments und des rates handelt werden die in titel iii kapitel  jener verordnung festgelegten anforderungen ber\u00fccksichtigt"," torwachter fuhren eine compliancefunktion ein die unabhangig von den operativen funktionen des torwachters ist und aus einem oder mehreren compliancebeauftragten besteht einschlie\u00dflich des leiters der compliancefunktion"," gilt die nationale ma\u00dfnahme als gerechtfertigt und wird die nichtkonformit\u00e4t des kisystems auf m\u00e4ngel in den in den artikeln  und  dieser verordnung genannten harmonisierten normen oder gemeinsamen spezifikationen zur\u00fcckgef\u00fchrt so leitet die kommission das in artikel  der verordnung eu nr  festgelegte verfahren ein"," die am kireallabor beteiligten bleiben nach geltendem recht der union und der mitgliedstaaten f\u00fcr sch\u00e4den haftbar die dritten infolge der erprobung im reallabor entstehen"," soweit in diesem kapitel nicht anders angegeben erfolgt die auftragsvergabe im rahmen des programms nach titel vii der haushaltsordnung","unbeschadet des absatzes  gilt folgendes \r\na die f\u00fcr die \u00fcberwachung der anwendung der verordnung eu  \r\nzust\u00e4ndige unabh\u00e4ngige aufsichtsbeh\u00f6rde ist bez\u00fcglich des schutzes \r\npersonenbezogener daten auch f\u00fcr die \u00fcberwachung der anwendung der \r\nvorliegenden verordnung zust\u00e4ndig die kapitel vi und vii der verordnung \r\neu  finden sinngem\u00e4\u00df anwendung die aufgaben und befugnisse \r\nder aufsichtsbeh\u00f6rden werden in bezug auf die verarbeitung \r\npersonenbezogener daten wahrgenommen \r\nb bei besonderen sektoralen problemen des datenaustauschs im zusammenhang \r\nmit der anwendung dieser verordnung bleibt die zust\u00e4ndigkeit der \r\nfachbeh\u00f6rden gewahrt de   de c die f\u00fcr die anwendung und durchsetzung des kapitels vi dieser verordnung \r\nzust\u00e4ndige nationale beh\u00f6rde muss \u00fcber erfahrungen auf dem gebiet der \r\ndaten und der elektronischen kommunikationsdienste verf\u00fcgen \r\n","jeder mitgliedstaat benennt eine oder mehrere zust\u00e4ndige beh\u00f6rden die f\u00fcr die \r\nanwendung und durchsetzung dieser verordnung verantwortlich sind die \r\nmitgliedstaaten k\u00f6nnen eine oder mehrere neue beh\u00f6rden einrichten oder sich auf \r\nbestehende beh\u00f6rden st\u00fctzen \r\n"," die anderen markt\u00fcberwachungsbeh\u00f6rden die kein verfahren eingeleitet haben unterrichten unverz\u00fcglich die kommission und die anderen mitgliedstaaten von jeglichen ma\u00dfnahmen und etwaigen ihnen vorliegenden zus\u00e4tzlichen erkenntnissen \u00fcber die nichtkonformit\u00e4t des betreffenden kisystems sowie \u00fcber ihre einw\u00e4nde falls sie die ihnen mitgeteilt nationale ma\u00dfnahme ablehnen"," gibt es keine harmonisierten normen gem\u00e4\u00df artikel  oder ist die kommission der auffassung dass die einschl\u00e4gigen harmonisierten normen unzureichend sind oder dass bestimmte bedenken hinsichtlich der sicherheit oder der grundrechte ausger\u00e4umt werden m\u00fcssen so kann die kommission im wege von durchf\u00fchrungsrechtsakten gemeinsame spezifikationen f\u00fcr die anforderungen in kapitel  dieses titels festlegen diese durchf\u00fchrungsrechtsakte werden gem\u00e4\u00df dem in artikel  absatz  genannten pr\u00fcfverfahren erlassen"," wird die genehmigung als ungerechtfertigt erachtet so muss sie von der markt\u00fcberwachungsbeh\u00f6rde des betreffenden mitgliedstaats zur\u00fcckgenommen werden"," die anwendung des wettbewerbsrechts bleibt von dieser verordnung unberuhrt"," die eudatenbank enth\u00e4lt personenbezogene daten nur soweit dies f\u00fcr die erfassung und verarbeitung von informationen gem\u00e4\u00df dieser verordnung erforderlich ist zu diesen informationen geh\u00f6ren die namen und kontaktdaten der nat\u00fcrlichen personen die f\u00fcr die registrierung des systems verantwortlich sind und die rechtlich befugt sind den anbieter zu vertreten"," unbeschadet unionsrechtlicher bestimmungen zur regelung grenzubergreifender schadenersatzklagen und damit zusammenhangender verfahren gilt fur die zwecke dieser verordnung dass ein anbieter von datenvermittlungsdiensten der in mehreren mitgliedstaaten niedergelassen ist der rechtlichen zustandigkeit des mitgliedstaats unterliegt in dem er seine hauptniederlassung hat"," erheben die offentlichen stellen gebuhren so ergreifen sie ma\u00dfnahmen um  gema\u00df den vorschriften uber staatliche beihilfen  anreize fur die weiterverwendung von daten der in artikel  absatz  genannten datenkategorien zu nichtkommerziellen zwecken wie der wissenschaftlichen forschung und durch kmu und startupunternehmen zu schaffen in diesem zusammenhang konnen offentliche stellen die daten insbesondere kmu startupunternehmen der zivilgesellschaft und bildungseinrichtungen auch gegen eine erma\u00dfigte gebuhr oder unentgeltlich zur verfugung stellen offentliche stellen konnen zu diesem zweck eine liste der kategorien von weiterverwendern aufstellen denen daten fur die weiterverwendung gegen eine erma\u00dfigte gebuhr oder unentgeltlich zur verfugung gestellt werden diese liste wird zusammen mit den kriterien die bei ihrer aufstellung verwendet wurden veroffentlicht"," die gewahrung eines ausschlie\u00dflichen rechts nach den absatzen   und  einschlie\u00dflich der begrundung warum die gewahrung eines solchen rechts erforderlich ist ist transparent und wird in einer form die dem einschlagigen unionsrecht fur die vergabe offentlicher auftrage entspricht im internet offentlich zuganglich gemacht"," zusatzlich zu den in artikel  absatze  und  der haushaltsordnung genannten informationen werden die namen der unabhangigen externen sachverstandigen die finanzhilfeantrage bewerten und ad 