<div>                        <script type="text/javascript">window.PlotlyConfig = {MathJaxConfig: 'local'};</script>
        <script src="https://cdn.plot.ly/plotly-2.18.0.min.js"></script>                <div id="363352aa-268c-4d6a-b383-effc7412747b" class="plotly-graph-div" style="height:800px; width:800px;"></div>            <script type="text/javascript">                                    window.PLOTLYENV=window.PLOTLYENV || {};                                    if (document.getElementById("363352aa-268c-4d6a-b383-effc7412747b")) {                    Plotly.newPlot(                        "363352aa-268c-4d6a-b383-effc7412747b",                        [{"coloraxis":"coloraxis","name":"0","x":["0_durchsetzung_vorschriften...","1_dateninhaber_daten_datene...","2_cluster_partnerschaften_eur","3_erlassen_delegierte_recht...","4_notifizierten_stellen_not...","5_datenvermittlungsdiensten...","6_sitz_assoziierten_rechtst...","7_hochrisikokisysteme_hochr...","8_datenaltruistischen_organ...","9_unverz\u00fcglich_informatione...","10_torwachter_gewerblichen_...","11_beschluss_auskunfte_unte...","12_geschaftstatigkeit_besta...","13_drittlands_entscheidung_...","14_beh\u00f6rden_zust\u00e4ndigen_mit...","15_beurteilung_vorlaufigen_...","16_parlament_rat_bericht","17_programm_ausgaben_progra...","18_weiterverwendung_daten_r...","19_hochrisikokisystem_h\u00e4ndl...","20_daten_interoperabilit\u00e4t_...","21_kosten_haushaltsordnung_...","22_missionen_jahre_programms","23_daten_personenbezogener_...","24_arbeitsprogramm_vorschla...","25_bewertung_vorschlage_vor...","26_ausschuss_ausschusses_gr...","27_begunstigten_ergebnissen...","28_richtlinie_konformit\u00e4tsb...","29_normen_normungsorganisat...","30_unternehmen_plattformdie...","31_zustandigen_behorden_reg...","32_compliancefunktion_torwa...","33_nummer_plattformdienste_...","34_verwendung_verarbeitung_...","35_einseitig_partei_auferlegt","36_richtlinie_parlaments_ra...","37_beratung_europaischer_da...","38_intelligenz_k\u00fcnstlichen_...","39_unterlagen_beh\u00f6rde_zust\u00e4...","40_system_beobachtung_inver...","41_markt\u00fcberwachungsbeh\u00f6rde...","42_verh\u00e4ngt_vergangenen_gel...","43_rat_parlament_widerruf"],"y":["0_durchsetzung_vorschriften...","1_dateninhaber_daten_datene...","2_cluster_partnerschaften_eur","3_erlassen_delegierte_recht...","4_notifizierten_stellen_not...","5_datenvermittlungsdiensten...","6_sitz_assoziierten_rechtst...","7_hochrisikokisysteme_hochr...","8_datenaltruistischen_organ...","9_unverz\u00fcglich_informatione...","10_torwachter_gewerblichen_...","11_beschluss_auskunfte_unte...","12_geschaftstatigkeit_besta...","13_drittlands_entscheidung_...","14_beh\u00f6rden_zust\u00e4ndigen_mit...","15_beurteilung_vorlaufigen_...","16_parlament_rat_bericht","17_programm_ausgaben_progra...","18_weiterverwendung_daten_r...","19_hochrisikokisystem_h\u00e4ndl...","20_daten_interoperabilit\u00e4t_...","21_kosten_haushaltsordnung_...","22_missionen_jahre_programms","23_daten_personenbezogener_...","24_arbeitsprogramm_vorschla...","25_bewertung_vorschlage_vor...","26_ausschuss_ausschusses_gr...","27_begunstigten_ergebnissen...","28_richtlinie_konformit\u00e4tsb...","29_normen_normungsorganisat...","30_unternehmen_plattformdie...","31_zustandigen_behorden_reg...","32_compliancefunktion_torwa...","33_nummer_plattformdienste_...","34_verwendung_verarbeitung_...","35_einseitig_partei_auferlegt","36_richtlinie_parlaments_ra...","37_beratung_europaischer_da...","38_intelligenz_k\u00fcnstlichen_...","39_unterlagen_beh\u00f6rde_zust\u00e4...","40_system_beobachtung_inver...","41_markt\u00fcberwachungsbeh\u00f6rde...","42_verh\u00e4ngt_vergangenen_gel...","43_rat_parlament_widerruf"],"z":[[1.0,0.8347053446541763,0.861969736435332,0.9531578335015891,0.9064883392327341,0.771269197674602,0.9523291224821896,0.6970510754127706,0.8580449548945359,0.944234656178919,0.9102090906876945,0.9262211082294255,0.9464973424030566,0.9524740334865621,0.9454365195748161,0.9281226963054214,0.8950074376559856,0.8708112851577227,0.8879602406374623,0.8379037236852692,0.8396170792052662,0.8147082603296415,0.8962619885213774,0.9395899460420921,0.8987596627290724,0.8737915042565788,0.895438439171709,0.886611806591796,0.9082153834622159,0.9313229704768435,0.8858641602565449,0.9304593488409735,0.861985381225086,0.860044645821944,0.9097532996545807,0.921039565722203,0.9073484163826016,0.888788049655558,0.885188630159254,0.95191095368935,0.90483276368523,0.8844209252280969,0.8662432673271913,0.9168480178283889],[0.8347053446541763,0.9999999999999998,0.7836538287026391,0.8038468237950903,0.8238081879100683,0.7378989093933666,0.8180629557957418,0.6107836913866915,0.8695545860324653,0.8358635012028194,0.7944136936298114,0.7972318404541995,0.8037597160002852,0.8196754785779549,0.8047002458983217,0.7940928340099045,0.7802138967823388,0.7648110681831387,0.8606164822198111,0.7302231782508823,0.8126906714007832,0.7173469903124057,0.8461762066689307,0.8794338563147015,0.7993582178706231,0.7506531973883109,0.7762919603511672,0.7911786671194125,0.7852496973187764,0.8054996162958177,0.7922115291602012,0.8951101606421611,0.6961065622993502,0.82858712688304,0.7779406327182683,0.81739001559413,0.8064325399613466,0.82006971586752,0.7697790730013432,0.8236447725640549,0.8084389551213134,0.8342730894112582,0.8138535659494928,0.8118462854428797],[0.861969736435332,0.7836538287026391,0.9999999999999998,0.8178950618056969,0.8089846313740545,0.7757082516372773,0.8796898179324925,0.6409355296064309,0.8080966548966216,0.842156114008316,0.853097294014146,0.8195184442315444,0.8173924413679617,0.8414187978082774,0.8214992544872386,0.8013477287263869,0.7926328160311016,0.8808302065170751,0.8401809993766985,0.793224178245653,0.8284029726863136,0.7388246684093525,0.856170217905589,0.8530625013488468,0.8717000504278631,0.8025500504195558,0.835110836141598,0.8002926141754239,0.8356602958694836,0.8506496440164946,0.8266761165627223,0.8599390851217124,0.7358137992403109,0.8659984747969356,0.7993244950831992,0.8278325534542577,0.841976581794179,0.8799818778768632,0.7907803259874006,0.8312637261243185,0.8505808141143568,0.8126828713803523,0.7944828134815864,0.8161671280488216],[0.9531578335015891,0.8038468237950903,0.8178950618056969,0.9999999999999998,0.8832145472254251,0.7251951846238623,0.9241829268455444,0.679609436003846,0.8084932595599394,0.9089279678300342,0.8599154126602921,0.9279833370726566,0.9359096195736396,0.9487647372370627,0.9221748063134582,0.914477613301836,0.8904305373653687,0.8348420278191131,0.846380373216211,0.8132986287784464,0.7916506496715504,0.8193506665108552,0.871220702933819,0.9214242316214012,0.8641417317757033,0.8612849608635861,0.8806608417515187,0.872786932605874,0.8698983286380442,0.8960484362018134,0.8468451861598726,0.8860047199985044,0.8377657024850371,0.8129051782848179,0.8618831499338906,0.9294590176804244,0.8860657629264349,0.8514417786466861,0.8274077179947813,0.9405166429287568,0.8607368920836038,0.8462469949448447,0.8545898770571774,0.909734075655289],[0.9064883392327341,0.8238081879100683,0.8089846313740545,0.8832145472254251,0.9999999999999996,0.7418061491308328,0.873147099828908,0.6711938695467896,0.8655572561445319,0.909290666070123,0.8469108655072959,0.8608996301879098,0.869237591491778,0.8694646677715401,0.8789639370113709,0.8647720059349413,0.804446315784432,0.7965208707423962,0.8391235789329776,0.7670828080959857,0.8171493083534748,0.7422421415049233,0.819271447523556,0.8787963105785462,0.8441964216294091,0.8204471535543292,0.8473811091055733,0.8904886493921017,0.8850199261640016,0.8908133887165434,0.8180494199223911,0.8979272951691217,0.8294828162180652,0.7969917635784284,0.8338804002941163,0.8313787709543774,0.8366412500184571,0.8673389303523342,0.8256449890584923,0.9067293573901533,0.845743448044425,0.8181087592747345,0.8006458512338326,0.827371969168132],[0.771269197674602,0.7378989093933666,0.7757082516372773,0.7251951846238623,0.7418061491308328,0.9999999999999998,0.7657722636014491,0.6642052231666478,0.7846685749034009,0.763520322917674,0.7965062709664273,0.7224959612669688,0.7134760797785052,0.724230214965931,0.7808476819587395,0.709501849644966,0.6448698715488029,0.7598554020226417,0.7994642376538406,0.8137602289796182,0.8829517323019973,0.6883418393649515,0.744244312943629,0.7710050558744399,0.7931185729601654,0.733066932245289,0.7329912594802475,0.7407374624210259,0.8272687887406786,0.7810043019351182,0.808641228382114,0.8704802718257698,0.7557148893565147,0.8890670764264224,0.7513613248690554,0.7385652270832266,0.7245898151078216,0.840625174062439,0.7271769448699186,0.7926800410556905,0.7879175532576064,0.7961696311805277,0.6890755990855054,0.6634761122060314],[0.9523291224821896,0.8180629557957418,0.8796898179324925,0.9241829268455444,0.873147099828908,0.7657722636014491,0.9999999999999994,0.6696310289980056,0.8449234863716845,0.9243609881565387,0.8907500715264447,0.8962360818699475,0.9010138799922338,0.9393307925493832,0.9149028887175644,0.9039644074211886,0.8735377092090477,0.8605510061225734,0.8710523410943717,0.8305387086373086,0.8394164469615226,0.7924235806843201,0.8829994608781914,0.9117414230349765,0.8714363702794223,0.8521211518117465,0.8998870454610544,0.858530121921729,0.8763741431349773,0.8933947341194424,0.8985048626976405,0.9126802585650443,0.8157847666394414,0.870392132441225,0.8686114744210136,0.8950184529003475,0.8838705644754763,0.8853185851547682,0.855002416657498,0.9103499389645303,0.8877936523279963,0.8632611199575102,0.8307514890831038,0.897893590055906],[0.6970510754127706,0.6107836913866915,0.6409355296064309,0.679609436003846,0.6711938695467896,0.6642052231666478,0.6696310289980056,1.0000000000000002,0.6053928319783228,0.6872510165064005,0.7052825482010271,0.7315719299740813,0.7369237172715616,0.6723536771411935,0.7003305837658138,0.7154866454445876,0.6677134423760421,0.7043852819436314,0.7262783650175202,0.8686150908620792,0.7295864324083773,0.7458090269098029,0.7022951777702394,0.70048250315153,0.7195912459276474,0.7529435848282988,0.6708743182042307,0.7099960942286386,0.7951002140933054,0.7266528419030451,0.6744905233767047,0.7071352911862631,0.7132109165696898,0.6898205396065011,0.7474757126387243,0.6757061192793448,0.7181655664459788,0.7352960075181316,0.7389851550261243,0.739185283336555,0.7335952277847032,0.7652030917158441,0.7003653597608062,0.6956648485478353],[0.8580449548945359,0.8695545860324653,0.8080966548966216,0.8084932595599394,0.8655572561445319,0.7846685749034009,0.8449234863716845,0.6053928319783228,1.0000000000000004,0.8568838938325262,0.8231215381389206,0.8105555862848205,0.7985530614813943,0.819828527708169,0.8540295361961905,0.7879497646943076,0.7619565533022994,0.7714957660408939,0.8317796571882171,0.7648368796325028,0.8199538774863606,0.7087440620247891,0.8167574980295274,0.8533278306508174,0.8318972226352925,0.7687815531362125,0.8291683200438354,0.8095542658714487,0.8453619981328357,0.8703054968295625,0.8190666279080746,0.9545362080353732,0.8041135175571269,0.8337110314153986,0.8030813008012709,0.8048511344671505,0.8117072474359851,0.8535200221221628,0.779200873201718,0.8643326884683755,0.8162492245813617,0.8284714605943402,0.795130708192287,0.7845818656571951],[0.944234656178919,0.8358635012028194,0.842156114008316,0.9089279678300342,0.909290666070123,0.763520322917674,0.9243609881565387,0.6872510165064005,0.8568838938325262,1.0,0.8933769262423679,0.9047140968647656,0.9238540240809037,0.9223567310840066,0.8911311216670578,0.914922916939527,0.8633412709655562,0.8648652380575488,0.9028748633303069,0.8134481840823873,0.8484178298053751,0.7877895792447911,0.8821311441208342,0.9281636442137757,0.8864350422795425,0.8518214749122757,0.8700032473286619,0.8832704617425977,0.8772692730633237,0.8921532585336478,0.8890364504038508,0.9199554367562731,0.8180963214062749,0.8724061556151411,0.8896005641232002,0.8931747523339416,0.8814174361098118,0.8978631808859524,0.8784910608058756,0.9076866132241437,0.9055298573580298,0.882516889094207,0.8475067973175313,0.8817056337878779],[0.9102090906876945,0.7944136936298114,0.853097294014146,0.8599154126602921,0.8469108655072959,0.7965062709664273,0.8907500715264447,0.7052825482010271,0.8231215381389206,0.8933769262423679,1.0000000000000004,0.8484852109205681,0.8834585309570744,0.8680052281826822,0.877333154444925,0.8857763148625397,0.8199435969359221,0.8629540580827995,0.8519562744659751,0.8439726808059291,0.837212028130306,0.7429071226264979,0.8911251315808293,0.8612937779350516,0.8444535347834575,0.8005631332109605,0.8237191484009516,0.818810223534394,0.8735148986324062,0.8471627737217812,0.9220977172739866,0.899131459933367,0.8403722357267369,0.9077543857061485,0.8625591874663086,0.8500441726797571,0.8277186805401432,0.860384184619847,0.8842044291977982,0.875781140046045,0.8833635340863777,0.8536175045521669,0.810553241958005,0.8441277060562428],[0.9262211082294255,0.7972318404541995,0.8195184442315444,0.9279833370726566,0.8608996301879098,0.7224959612669688,0.8962360818699475,0.7315719299740813,0.8105555862848205,0.9047140968647656,0.8484852109205681,0.9999999999999996,0.9268565949492508,0.9453680020345208,0.8970748604651275,0.9164525031862505,0.8564796114100361,0.8469674435085064,0.860647245671634,0.83598220371777,0.8039477410088833,0.8422836157880386,0.8699917589469363,0.9096457008768108,0.8779985262105828,0.8723311583628112,0.8496574218009648,0.8915391754054318,0.8614617488056044,0.8837748090930896,0.8392882177757821,0.8826997392336974,0.8108061662092265,0.8153464963569641,0.8784893667787206,0.9177047382134613,0.8771122877040234,0.8688902984819468,0.861664032156933,0.9179596049993939,0.8519737703438313,0.8701396537358131,0.8985032418686464,0.9083071718202875],[0.9464973424030566,0.8037597160002852,0.8173924413679617,0.9359096195736396,0.869237591491778,0.7134760797785052,0.9010138799922338,0.7369237172715616,0.7985530614813943,0.9238540240809037,0.8834585309570744,0.9268565949492508,0.9999999999999998,0.9313489064218944,0.9027900718009794,0.9508535747992677,0.8708757465474004,0.8534002901471807,0.8783291033384153,0.8309102265689379,0.8123555265120113,0.8179323337056532,0.8854795164870761,0.927195720550153,0.8538619049104059,0.8396536176994152,0.8372088373820765,0.8725022332263793,0.8712423827774342,0.8829917914255763,0.8585771292606494,0.8873200065246316,0.8367931197804883,0.8268447663244366,0.8946593721127036,0.9211893022472672,0.8850359802173415,0.8645408934986296,0.8736556934332607,0.928576853465007,0.8737868204805473,0.8755893061358253,0.8791003908530118,0.8981924807343525],[0.9524740334865621,0.8196754785779549,0.8414187978082774,0.9487647372370627,0.8694646677715401,0.724230214965931,0.9393307925493832,0.6723536771411935,0.819828527708169,0.9223567310840066,0.8680052281826822,0.9453680020345208,0.9313489064218944,0.9999999999999993,0.9085420647615348,0.9091503548137255,0.878744210564632,0.8272194278942916,0.8633118517366334,0.8156359889471363,0.8053411570086441,0.795917562577521,0.8694463772281261,0.9337928434685456,0.8669205092169918,0.8478847699253599,0.8536572038009308,0.884230600667891,0.8633231217204083,0.9002399845919449,0.8595355541985014,0.8966812637602188,0.7858438895682771,0.8419750004954798,0.8597226453456691,0.9331640096473361,0.904108814825757,0.8796328704582528,0.8500980461719124,0.9260654637945317,0.8615783278308823,0.8721913609569137,0.8726750923349266,0.9186104575910281],[0.9454365195748161,0.8047002458983217,0.8214992544872386,0.9221748063134582,0.8789639370113709,0.7808476819587395,0.9149028887175644,0.7003305837658138,0.8540295361961905,0.8911311216670578,0.877333154444925,0.8970748604651275,0.9027900718009794,0.9085420647615348,1.0000000000000007,0.8817304374104643,0.8686698823959786,0.8179732714587549,0.8158902179245628,0.8275458340659091,0.7991274353581865,0.7750692606241927,0.8373525997908529,0.8853784688506656,0.8436904785936917,0.8108046282243851,0.8999171305812803,0.8440552720539425,0.8819403239286792,0.8992413825073906,0.8561098182667315,0.9018513946494267,0.8830845713550722,0.8353308979930965,0.8640184224003692,0.8748873751713885,0.8619460336586029,0.8612795189399092,0.850660392309444,0.9734844581350575,0.8500584739405304,0.8778759616684693,0.8197494816577474,0.8910697212888666],[0.9281226963054214,0.7940928340099045,0.8013477287263869,0.914477613301836,0.8647720059349413,0.709501849644966,0.9039644074211886,0.7154866454445876,0.7879497646943076,0.914922916939527,0.8857763148625397,0.9164525031862505,0.9508535747992677,0.9091503548137255,0.8817304374104643,1.0000000000000002,0.8321438460144068,0.8572345722896448,0.865715158343129,0.8098038325353504,0.808422153453277,0.7998564144747785,0.8956613748626623,0.9040863053530861,0.8632533770522652,0.848366053985075,0.8359480006538653,0.8686123018726135,0.8595154303751349,0.863446726231225,0.8662995981367445,0.8762701187418804,0.8317482270034464,0.8095517429242044,0.9082726314326522,0.9005513971220431,0.8469798727008371,0.8481124941016009,0.89541934866301,0.9040050993290603,0.8870782228842472,0.8487139340946195,0.8478455956556992,0.879260616084409],[0.8950074376559856,0.7802138967823388,0.7926328160311016,0.8904305373653687,0.804446315784432,0.6448698715488029,0.8735377092090477,0.6677134423760421,0.7619565533022994,0.8633412709655562,0.8199435969359221,0.8564796114100361,0.8708757465474004,0.878744210564632,0.8686698823959786,0.8321438460144068,0.9999999999999997,0.7990214763207593,0.8025930985529687,0.7761411721334364,0.7398306376179796,0.7681237422928928,0.8113875037894851,0.8646615278098607,0.8097479118381337,0.7998038079072585,0.8753939390894723,0.8092810392579215,0.8014836977658102,0.8205349978620184,0.805492469570237,0.8266773692710592,0.767260290996596,0.7929424136484091,0.8007337939684719,0.855953284968022,0.8707107998481945,0.8002468279212981,0.8113280266640746,0.8656612712959191,0.8334506689260341,0.8191103258976283,0.8067092108251607,0.9712090565432369],[0.8708112851577227,0.7648110681831387,0.8808302065170751,0.8348420278191131,0.7965208707423962,0.7598554020226417,0.8605510061225734,0.7043852819436314,0.7714957660408939,0.8648652380575488,0.8629540580827995,0.8469674435085064,0.8534002901471807,0.8272194278942916,0.8179732714587549,0.8572345722896448,0.7990214763207593,1.0000000000000009,0.884952676088083,0.8244080491086145,0.8348629104642209,0.8561923482282651,0.8978728678679104,0.8665644636413645,0.8823558418526061,0.8450982738480903,0.7944142948006154,0.8234436948022779,0.8478543286804865,0.8318034446839255,0.8164426447361212,0.8494893261474623,0.7538560460247687,0.8498583947310954,0.8642597388033345,0.818115426432876,0.8467632929096196,0.8249110497303694,0.8307261085639357,0.835946590115506,0.8847043270807511,0.8332348851196529,0.8376585171220754,0.8230545463470542],[0.8879602406374623,0.8606164822198111,0.8401809993766985,0.846380373216211,0.8391235789329776,0.7994642376538406,0.8710523410943717,0.7262783650175202,0.8317796571882171,0.9028748633303069,0.8519562744659751,0.860647245671634,0.8783291033384153,0.8633118517366334,0.8158902179245628,0.865715158343129,0.8025930985529687,0.884952676088083,1.0000000000000009,0.8408934451220156,0.9087472559876038,0.8298206912435768,0.8780481258952999,0.9428706010657104,0.871012822811934,0.8512233053873028,0.795065002347009,0.8564377111327455,0.8749328786166682,0.859518455971326,0.8416409225248567,0.913292629097553,0.7598456806907469,0.8655671101535569,0.8931058124993039,0.8670859103833628,0.8584058955700458,0.8836763770383,0.8498058438202603,0.8559041011560131,0.8867881980284877,0.8643094336322995,0.8722699383539138,0.8225253097070858],[0.8379037236852692,0.7302231782508823,0.793224178245653,0.8132986287784464,0.7670828080959857,0.8137602289796182,0.8305387086373086,0.8686150908620792,0.7648368796325028,0.8134481840823873,0.8439726808059291,0.83598220371777,0.8309102265689379,0.8156359889471363,0.8275458340659091,0.8098038325353504,0.7761411721334364,0.8244080491086145,0.8408934451220156,1.0000000000000002,0.84337640025367,0.8233249070608085,0.810306511577575,0.8332736301601299,0.8132963620115068,0.8259234598945294,0.791690602444804,0.8007113704841003,0.8891247647900705,0.8375409573762492,0.8221823092250196,0.8457553438893355,0.8270821026022076,0.8501704264971528,0.8516197825229003,0.8167981363367353,0.8512426964484763,0.8436765155019427,0.8362123356829917,0.8505365521926673,0.862253828218482,0.885779297729028,0.8145094311299125,0.800754437377911],[0.8396170792052662,0.8126906714007832,0.8284029726863136,0.7916506496715504,0.8171493083534748,0.8829517323019973,0.8394164469615226,0.7295864324083773,0.8199538774863606,0.8484178298053751,0.837212028130306,0.8039477410088833,0.8123555265120113,0.8053411570086441,0.7991274353581865,0.808422153453277,0.7398306376179796,0.8348629104642209,0.9087472559876038,0.84337640025367,1.0000000000000002,0.763745477088273,0.8355257994065965,0.8717018401738165,0.8386490465694737,0.806643007922498,0.7747526619657065,0.817015128401257,0.8730864051884872,0.8277878702351151,0.8348154029116774,0.9040357408532685,0.777245903696028,0.8781166373360166,0.838623645344118,0.8083109497624997,0.8029791702317708,0.8856401457886127,0.8697907948910064,0.8329234969252319,0.883506252389222,0.8356535488693176,0.7752906714428413,0.7654460446419136],[0.8147082603296415,0.7173469903124057,0.7388246684093525,0.8193506665108552,0.7422421415049233,0.6883418393649515,0.7924235806843201,0.7458090269098029,0.7087440620247891,0.7877895792447911,0.7429071226264979,0.8422836157880386,0.8179323337056532,0.795917562577521,0.7750692606241927,0.7998564144747785,0.7681237422928928,0.8561923482282651,0.8298206912435768,0.8233249070608085,0.763745477088273,1.0,0.7807523787567153,0.8226324642230415,0.8065001537423018,0.8360792301844794,0.7639808934031518,0.8137830253929599,0.8218783120344376,0.8028351127063116,0.7410134270163807,0.7800943445291326,0.7258215036827043,0.7518239857467595,0.8144938278775753,0.8118863493358365,0.8436137037372197,0.7720966380085472,0.7501649092866475,0.8072601358309697,0.7825452706570071,0.8033019187036351,0.8710829691435673,0.7968220418179993],[0.8962619885213774,0.8461762066689307,0.856170217905589,0.871220702933819,0.819271447523556,0.744244312943629,0.8829994608781914,0.7022951777702394,0.8167574980295274,0.8821311441208342,0.8911251315808293,0.8699917589469363,0.8854795164870761,0.8694463772281261,0.8373525997908529,0.8956613748626623,0.8113875037894851,0.8978728678679104,0.8780481258952999,0.810306511577575,0.8355257994065965,0.7807523787567153,1.0,0.877045355723064,0.8704882150553405,0.8172186443997173,0.794366442952994,0.8131068616756598,0.8558293213395765,0.8419780463988065,0.8567407718779182,0.8918247219370372,0.7891371440341681,0.8522080463874299,0.848857718632565,0.8570926178176718,0.8519012728701265,0.8414132633070736,0.8313570919557463,0.8597410293743819,0.8806984528071113,0.8366514295343408,0.8521291730837057,0.8604843983878591],[0.9395899460420921,0.8794338563147015,0.8530625013488468,0.9214242316214012,0.8787963105785462,0.7710050558744399,0.9117414230349765,0.70048250315153,0.8533278306508174,0.9281636442137757,0.8612937779350516,0.9096457008768108,0.927195720550153,0.9337928434685456,0.8853784688506656,0.9040863053530861,0.8646615278098607,0.8665644636413645,0.9428706010657104,0.8332736301601299,0.8717018401738165,0.8226324642230415,0.877045355723064,1.0,0.8816376378956037,0.8497059643909812,0.8378094462617267,0.8809616289150051,0.8733891305654514,0.9058636475251549,0.848814031941909,0.9271335749735765,0.7931588127562685,0.8593717800243971,0.9068679410815768,0.9177730721185313,0.8958050208604096,0.8991676439673935,0.8707425249449269,0.9180813244642707,0.885277336103825,0.8754298379367726,0.8905787274828368,0.8884691141001047],[0.8987596627290724,0.7993582178706231,0.8717000504278631,0.8641417317757033,0.8441964216294091,0.7931185729601654,0.8714363702794223,0.7195912459276474,0.8318972226352925,0.8864350422795425,0.8444535347834575,0.8779985262105828,0.8538619049104059,0.8669205092169918,0.8436904785936917,0.8632533770522652,0.8097479118381337,0.8823558418526061,0.871012822811934,0.8132963620115068,0.8386490465694737,0.8065001537423018,0.8704882150553405,0.8816376378956037,1.000000000000001,0.9097350665727928,0.8412149963674854,0.8988574794086668,0.8785212090564634,0.9032034534960227,0.8437531692459401,0.8916394957249221,0.7828573343415165,0.8438680014268289,0.8609132681988394,0.855262743294016,0.8505399898575775,0.8873464596866547,0.8315224204242924,0.8759965186642642,0.8866537323028685,0.8289617132416744,0.8390274722179831,0.8491894366376782],[0.8737915042565788,0.7506531973883109,0.8025500504195558,0.8612849608635861,0.8204471535543292,0.733066932245289,0.8521211518117465,0.7529435848282988,0.7687815531362125,0.8518214749122757,0.8005631332109605,0.8723311583628112,0.8396536176994152,0.8478847699253599,0.8108046282243851,0.848366053985075,0.7998038079072585,0.8450982738480903,0.8512233053873028,0.8259234598945294,0.806643007922498,0.8360792301844794,0.8172186443997173,0.8497059643909812,0.9097350665727928,0.9999999999999999,0.8483952304247435,0.855462158858186,0.8641320160775464,0.8862085465989653,0.7878686850529404,0.8407241218838909,0.7534424467259501,0.7943841829014674,0.8517654096005238,0.827516515377121,0.84961718808341,0.8704155798010824,0.8244149178522279,0.8535376190572054,0.8708141478439313,0.8387444248542945,0.8298234398161454,0.836726203915467],[0.895438439171709,0.7762919603511672,0.835110836141598,0.8806608417515187,0.8473811091055733,0.7329912594802475,0.8998870454610544,0.6708743182042307,0.8291683200438354,0.8700032473286619,0.8237191484009516,0.8496574218009648,0.8372088373820765,0.8536572038009308,0.8999171305812803,0.8359480006538653,0.8753939390894723,0.7944142948006154,0.795065002347009,0.791690602444804,0.7747526619657065,0.7639808934031518,0.794366442952994,0.8378094462617267,0.8412149963674854,0.8483952304247435,1.0000000000000009,0.8154909201812245,0.8490167314403598,0.8609478877770408,0.8238458473787915,0.8648661486808682,0.8454634004765563,0.8029151688446794,0.8208072502544863,0.8517135881725009,0.849530710157751,0.8450529955877492,0.7984542022025136,0.890890432198346,0.8421974971959356,0.8442577397829855,0.7708825384090784,0.8719724268392751],[0.886611806591796,0.7911786671194125,0.8002926141754239,0.872786932605874,0.8904886493921017,0.7407374624210259,0.858530121921729,0.7099960942286386,0.8095542658714487,0.8832704617425977,0.818810223534394,0.8915391754054318,0.8725022332263793,0.884230600667891,0.8440552720539425,0.8686123018726135,0.8092810392579215,0.8234436948022779,0.8564377111327455,0.8007113704841003,0.817015128401257,0.8137830253929599,0.8131068616756598,0.8809616289150051,0.8988574794086668,0.855462158858186,0.8154909201812245,1.0000000000000007,0.8564460781807154,0.8696684436981574,0.8077477148291347,0.874628709720653,0.7749728727773719,0.8035424077226792,0.8302991205778625,0.8496661749423354,0.8520301574511698,0.8624979304454252,0.836185002517596,0.8717007384924655,0.827412530518054,0.8314772906087438,0.846178112579595,0.8348399439884051],[0.9082153834622159,0.7852496973187764,0.8356602958694836,0.8698983286380442,0.8850199261640016,0.8272687887406786,0.8763741431349773,0.7951002140933054,0.8453619981328357,0.8772692730633237,0.8735148986324062,0.8614617488056044,0.8712423827774342,0.8633231217204083,0.8819403239286792,0.8595154303751349,0.8014836977658102,0.8478543286804865,0.8749328786166682,0.8891247647900705,0.8730864051884872,0.8218783120344376,0.8558293213395765,0.8733891305654514,0.8785212090564634,0.8641320160775464,0.8490167314403598,0.8564460781807154,1.0000000000000004,0.9132975796449112,0.8582970466840733,0.9046730002105603,0.8742812231875392,0.8592433910896674,0.8719130703288357,0.8673543974611864,0.8816224532710021,0.8723063590227533,0.8480735741715312,0.9148333581744329,0.896982596649602,0.8705447554854474,0.8329929466267386,0.8285928255127384],[0.9313229704768435,0.8054996162958177,0.8506496440164946,0.8960484362018134,0.8908133887165434,0.7810043019351182,0.8933947341194424,0.7266528419030451,0.8703054968295625,0.8921532585336478,0.8471627737217812,0.8837748090930896,0.8829917914255763,0.9002399845919449,0.8992413825073906,0.863446726231225,0.8205349978620184,0.8318034446839255,0.859518455971326,0.8375409573762492,0.8277878702351151,0.8028351127063116,0.8419780463988065,0.9058636475251549,0.9032034534960227,0.8862085465989653,0.8609478877770408,0.8696684436981574,0.9132975796449112,0.9999999999999992,0.8447708808451803,0.9094374413035443,0.8345860318096577,0.8442773437043049,0.864357246664556,0.8599186185307621,0.9116103910454061,0.9224726743270721,0.8331618534154952,0.943019922322906,0.8640757759779137,0.863524819854874,0.8357573476141252,0.8638312747492726],[0.8858641602565449,0.7922115291602012,0.8266761165627223,0.8468451861598726,0.8180494199223911,0.808641228382114,0.8985048626976405,0.6744905233767047,0.8190666279080746,0.8890364504038508,0.9220977172739866,0.8392882177757821,0.8585771292606494,0.8595355541985014,0.8561098182667315,0.8662995981367445,0.805492469570237,0.8164426447361212,0.8416409225248567,0.8221823092250196,0.8348154029116774,0.7410134270163807,0.8567407718779182,0.848814031941909,0.8437531692459401,0.7878686850529404,0.8238458473787915,0.8077477148291347,0.8582970466840733,0.8447708808451803,0.9999999999999999,0.8868607479690368,0.8266453990222967,0.9181892726696095,0.8395968166940418,0.8449051813729094,0.8228214254209577,0.8436292170834151,0.8397804584692247,0.8623364285604171,0.8564600689189741,0.8436566866950631,0.7786901307688755,0.8274502836697852],[0.9304593488409735,0.8951101606421611,0.8599390851217124,0.8860047199985044,0.8979272951691217,0.8704802718257698,0.9126802585650443,0.7071352911862631,0.9545362080353732,0.9199554367562731,0.899131459933367,0.8826997392336974,0.8873200065246316,0.8966812637602188,0.9018513946494267,0.8762701187418804,0.8266773692710592,0.8494893261474623,0.913292629097553,0.8457553438893355,0.9040357408532685,0.7800943445291326,0.8918247219370372,0.9271335749735765,0.8916394957249221,0.8407241218838909,0.8648661486808682,0.874628709720653,0.9046730002105603,0.9094374413035443,0.8868607479690368,1.0000000000000004,0.8488900917178319,0.9052848167662368,0.881744757257641,0.8872898861014198,0.8638582797932604,0.919369867663947,0.859685539755837,0.9157344110774828,0.8922123540397168,0.8873413111754018,0.8513098840845703,0.8517108579601802],[0.861985381225086,0.6961065622993502,0.7358137992403109,0.8377657024850371,0.8294828162180652,0.7557148893565147,0.8157847666394414,0.7132109165696898,0.8041135175571269,0.8180963214062749,0.8403722357267369,0.8108061662092265,0.8367931197804883,0.7858438895682771,0.8830845713550722,0.8317482270034464,0.767260290996596,0.7538560460247687,0.7598456806907469,0.8270821026022076,0.777245903696028,0.7258215036827043,0.7891371440341681,0.7931588127562685,0.7828573343415165,0.7534424467259501,0.8454634004765563,0.7749728727773719,0.8742812231875392,0.8345860318096577,0.8266453990222967,0.8488900917178319,0.9999999999999997,0.7552642323736564,0.8368484122315957,0.7974373876903855,0.7776169782214267,0.7930219853101081,0.7872547378165394,0.8806989048372156,0.8180489107612184,0.8049714493082519,0.729487906320765,0.7791179212200621],[0.860044645821944,0.82858712688304,0.8659984747969356,0.8129051782848179,0.7969917635784284,0.8890670764264224,0.870392132441225,0.6898205396065011,0.8337110314153986,0.8724061556151411,0.9077543857061485,0.8153464963569641,0.8268447663244366,0.8419750004954798,0.8353308979930965,0.8095517429242044,0.7929424136484091,0.8498583947310954,0.8655671101535569,0.8501704264971528,0.8781166373360166,0.7518239857467595,0.8522080463874299,0.8593717800243971,0.8438680014268289,0.7943841829014674,0.8029151688446794,0.8035424077226792,0.8592433910896674,0.8442773437043049,0.9181892726696095,0.9052848167662368,0.7552642323736564,0.9999999999999998,0.8255473192377002,0.8311629731620156,0.8498717527644629,0.8741617358135413,0.8329117797390452,0.8501538800393232,0.8469871370810818,0.8938238353082871,0.8092198408288126,0.803641336232486],[0.9097532996545807,0.7779406327182683,0.7993244950831992,0.8618831499338906,0.8338804002941163,0.7513613248690554,0.8686114744210136,0.7474757126387243,0.8030813008012709,0.8896005641232002,0.8625591874663086,0.8784893667787206,0.8946593721127036,0.8597226453456691,0.8640184224003692,0.9082726314326522,0.8007337939684719,0.8642597388033345,0.8931058124993039,0.8516197825229003,0.838623645344118,0.8144938278775753,0.848857718632565,0.9068679410815768,0.8609132681988394,0.8517654096005238,0.8208072502544863,0.8302991205778625,0.8719130703288357,0.864357246664556,0.8395968166940418,0.881744757257641,0.8368484122315957,0.8255473192377002,1.0000000000000002,0.8642423978581026,0.8296500466227341,0.8486218390930287,0.8829738615292209,0.8863353116070741,0.8922543828419255,0.8743713219217597,0.8543161509278463,0.8359321842860525],[0.921039565722203,0.81739001559413,0.8278325534542577,0.9294590176804244,0.8313787709543774,0.7385652270832266,0.8950184529003475,0.6757061192793448,0.8048511344671505,0.8931747523339416,0.8500441726797571,0.9177047382134613,0.9211893022472672,0.9331640096473361,0.8748873751713885,0.9005513971220431,0.855953284968022,0.818115426432876,0.8670859103833628,0.8167981363367353,0.8083109497624997,0.8118863493358365,0.8570926178176718,0.9177730721185313,0.855262743294016,0.827516515377121,0.8517135881725009,0.8496661749423354,0.8673543974611864,0.8599186185307621,0.8449051813729094,0.8872898861014198,0.7974373876903855,0.8311629731620156,0.8642423978581026,1.0000000000000007,0.8571841620528985,0.834985873096721,0.8358724113433964,0.8970727279356839,0.8497482271095015,0.8527865828157145,0.8660054729414997,0.8754022748644817],[0.9073484163826016,0.8064325399613466,0.841976581794179,0.8860657629264349,0.8366412500184571,0.7245898151078216,0.8838705644754763,0.7181655664459788,0.8117072474359851,0.8814174361098118,0.8277186805401432,0.8771122877040234,0.8850359802173415,0.904108814825757,0.8619460336586029,0.8469798727008371,0.8707107998481945,0.8467632929096196,0.8584058955700458,0.8512426964484763,0.8029791702317708,0.8436137037372197,0.8519012728701265,0.8958050208604096,0.8505399898575775,0.84961718808341,0.849530710157751,0.8520301574511698,0.8816224532710021,0.9116103910454061,0.8228214254209577,0.8638582797932604,0.7776169782214267,0.8498717527644629,0.8296500466227341,0.8571841620528985,1.0000000000000002,0.8765750320093174,0.810708313020456,0.8992124450381103,0.84183363297339,0.8855952920809209,0.8640307711825824,0.8976196080519183],[0.888788049655558,0.82006971586752,0.8799818778768632,0.8514417786466861,0.8673389303523342,0.840625174062439,0.8853185851547682,0.7352960075181316,0.8535200221221628,0.8978631808859524,0.860384184619847,0.8688902984819468,0.8645408934986296,0.8796328704582528,0.8612795189399092,0.8481124941016009,0.8002468279212981,0.8249110497303694,0.8836763770383,0.8436765155019427,0.8856401457886127,0.7720966380085472,0.8414132633070736,0.8991676439673935,0.8873464596866547,0.8704155798010824,0.8450529955877492,0.8624979304454252,0.8723063590227533,0.9224726743270721,0.8436292170834151,0.919369867663947,0.7930219853101081,0.8741617358135413,0.8486218390930287,0.834985873096721,0.8765750320093174,0.9999999999999997,0.8416878501565832,0.89294219200977,0.8779773190021659,0.8598442793380985,0.8396544723798023,0.8458844691238893],[0.885188630159254,0.7697790730013432,0.7907803259874006,0.8274077179947813,0.8256449890584923,0.7271769448699186,0.855002416657498,0.7389851550261243,0.779200873201718,0.8784910608058756,0.8842044291977982,0.861664032156933,0.8736556934332607,0.8500980461719124,0.850660392309444,0.89541934866301,0.8113280266640746,0.8307261085639357,0.8498058438202603,0.8362123356829917,0.8697907948910064,0.7501649092866475,0.8313570919557463,0.8707425249449269,0.8315224204242924,0.8244149178522279,0.7984542022025136,0.836185002517596,0.8480735741715312,0.8331618534154952,0.8397804584692247,0.859685539755837,0.7872547378165394,0.8329117797390452,0.8829738615292209,0.8358724113433964,0.810708313020456,0.8416878501565832,1.0000000000000007,0.8630574119817266,0.8857803094308206,0.8549665247677448,0.8028643917496292,0.8408752853308065],[0.95191095368935,0.8236447725640549,0.8312637261243185,0.9405166429287568,0.9067293573901533,0.7926800410556905,0.9103499389645303,0.739185283336555,0.8643326884683755,0.9076866132241437,0.875781140046045,0.9179596049993939,0.928576853465007,0.9260654637945317,0.9734844581350575,0.9040050993290603,0.8656612712959191,0.835946590115506,0.8559041011560131,0.8505365521926673,0.8329234969252319,0.8072601358309697,0.8597410293743819,0.9180813244642707,0.8759965186642642,0.8535376190572054,0.890890432198346,0.8717007384924655,0.9148333581744329,0.943019922322906,0.8623364285604171,0.9157344110774828,0.8806989048372156,0.8501538800393232,0.8863353116070741,0.8970727279356839,0.8992124450381103,0.89294219200977,0.8630574119817266,1.0000000000000002,0.8736793166021485,0.8960294757694559,0.8502639146167099,0.9000425548215956],[0.90483276368523,0.8084389551213134,0.8505808141143568,0.8607368920836038,0.845743448044425,0.7879175532576064,0.8877936523279963,0.7335952277847032,0.8162492245813617,0.9055298573580298,0.8833635340863777,0.8519737703438313,0.8737868204805473,0.8615783278308823,0.8500584739405304,0.8870782228842472,0.8334506689260341,0.8847043270807511,0.8867881980284877,0.862253828218482,0.883506252389222,0.7825452706570071,0.8806984528071113,0.885277336103825,0.8866537323028685,0.8708141478439313,0.8421974971959356,0.827412530518054,0.896982596649602,0.8640757759779137,0.8564600689189741,0.8922123540397168,0.8180489107612184,0.8469871370810818,0.8922543828419255,0.8497482271095015,0.84183363297339,0.8779773190021659,0.8857803094308206,0.8736793166021485,1.0,0.8588303709244585,0.81815290279556,0.8645365303290997],[0.8844209252280969,0.8342730894112582,0.8126828713803523,0.8462469949448447,0.8181087592747345,0.7961696311805277,0.8632611199575102,0.7652030917158441,0.8284714605943402,0.882516889094207,0.8536175045521669,0.8701396537358131,0.8755893061358253,0.8721913609569137,0.8778759616684693,0.8487139340946195,0.8191103258976283,0.8332348851196529,0.8643094336322995,0.885779297729028,0.8356535488693176,0.8033019187036351,0.8366514295343408,0.8754298379367726,0.8289617132416744,0.8387444248542945,0.8442577397829855,0.8314772906087438,0.8705447554854474,0.863524819854874,0.8436566866950631,0.8873413111754018,0.8049714493082519,0.8938238353082871,0.8743713219217597,0.8527865828157145,0.8855952920809209,0.8598442793380985,0.8549665247677448,0.8960294757694559,0.8588303709244585,1.0000000000000004,0.8451455467746408,0.8344467171941548],[0.8662432673271913,0.8138535659494928,0.7944828134815864,0.8545898770571774,0.8006458512338326,0.6890755990855054,0.8307514890831038,0.7003653597608062,0.795130708192287,0.8475067973175313,0.810553241958005,0.8985032418686464,0.8791003908530118,0.8726750923349266,0.8197494816577474,0.8478455956556992,0.8067092108251607,0.8376585171220754,0.8722699383539138,0.8145094311299125,0.7752906714428413,0.8710829691435673,0.8521291730837057,0.8905787274828368,0.8390274722179831,0.8298234398161454,0.7708825384090784,0.846178112579595,0.8329929466267386,0.8357573476141252,0.7786901307688755,0.8513098840845703,0.729487906320765,0.8092198408288126,0.8543161509278463,0.8660054729414997,0.8640307711825824,0.8396544723798023,0.8028643917496292,0.8502639146167099,0.81815290279556,0.8451455467746408,0.9999999999999994,0.8394772467360946],[0.9168480178283889,0.8118462854428797,0.8161671280488216,0.909734075655289,0.827371969168132,0.6634761122060314,0.897893590055906,0.6956648485478353,0.7845818656571951,0.8817056337878779,0.8441277060562428,0.9083071718202875,0.8981924807343525,0.9186104575910281,0.8910697212888666,0.879260616084409,0.9712090565432369,0.8230545463470542,0.8225253097070858,0.800754437377911,0.7654460446419136,0.7968220418179993,0.8604843983878591,0.8884691141001047,0.8491894366376782,0.836726203915467,0.8719724268392751,0.8348399439884051,0.8285928255127384,0.8638312747492726,0.8274502836697852,0.8517108579601802,0.7791179212200621,